107.78
100.84
109.47
99.97
113.10
100.67
104.56
110.17
100.29
111.45
99.86
99.72
101.04
109.81
99.89
107.79
107.66
100.36
99.73
108.24
101.14
99.85
108.07
99.96
109.45
108.10
100.24
107.93
107.92
99.91
99.90
107.51
101.04
100.68
108.75
108.40
99.63
108.01
107.25
100.22
108.25
108.87
99.93
100.31
107.96
100.12
108.65
100.98
100.30
110.30
109.13
100.71
108.62
100.07
99.85
107.42
100.09
107.81
99.95
99.91
108.30
100.18
99.80
109.00
100.63
108.23
100.00
100.62
107.48
107.55
100.04
99.71
108.29
101.13
107.56
99.77
108.93
100.85
109.68
108.59
100.16
108.59
99.92
100.68
115.27
99.82
107.07
99.94
100.97
115.85
109.69
99.84
108.71
99.61
99.87
115.42
99.44
99.55
108.82
107.99
99.74
99.61
99.56
109.27
109.24
105.12
99.90
99.81
107.96
100.71
99.79
99.46
101.35
108.23
107.56
99.61
100.64
119.59
102.27
115.12
107.65
109.53
100.14
125.73
101.07
99.92
100.64
118.20
100.76
110.87
99.97
108.61
100.61
112.45
107.87
99.59
111.60
99.02
100.75
108.53
107.97
109.54
100.47
99.96
115.37
107.05
109.09
101.10
99.70
99.52
107.16
108.37
100.06
99.72
99.76
111.22
99.58
99.52
99.80
110.08
100.34
100.21
109.11
107.28
99.75
111.15
100.03
99.88
100.44
108.31
107.21
99.73
100.53
99.91
99.49
107.94
109.48
110.47
99.13
99.48
99.82
109.39
100.02
107.66
100.31
99.84
108.61
108.36
107.35
107.35
99.88
111.29
99.46
108.41
107.82
108.77
100.31
100.33
108.87
100.15
111.28
99.49
99.80
99.91
106.74
108.81
108.69
99.63
120.39
100.15
107.40
107.74
108.89
99.99
100.55
99.86
107.19
99.89
100.06
109.06
100.99
100.09
108.56
99.99
99.90
99.98
100.82
99.77
108.05
108.55
100.00
100.90
99.78
107.49
107.92
117.25
99.45
100.49
100.16
110.46
100.20
99.85
99.75
100.28
112.86
99.64
99.86
109.64
108.41
108.47
99.52
99.85
99.98
99.70
107.76
107.70
108.62
99.97
99.88
108.01
107.40
108.09
108.00
99.96
108.26
110.51
99.98
107.61
108.69
108.33
100.14
107.49
107.56
100.14
100.10
108.29
107.97
108.42
100.47
100.19
99.79
110.50
100.60
108.78
108.27
108.61
99.76
99.55
99.94
100.07
107.83
110.69
107.22
99.69
99.85
100.73
111.47
99.63
100.09
107.71
110.65
100.23
107.02
110.46
100.74
99.84
108.60
107.69
108.38
99.75
107.66
107.17
100.95
107.93
109.73
107.74
99.91
99.82
99.97
100.75
107.74
100.82
100.81
99.82
99.76
100.10
101.11
109.07
109.48
108.27
101.47
100.78
99.87
108.06
100.87
0.85
