0.75
0.73
0.70
0.69
0.74
0.78
0.69
0.74
0.68
0.68
0.68
0.68
0.71
0.70
0.68
0.69
0.68
0.70
0.69
0.68
0.69
0.70
0.70
0.72
0.69
0.70
0.69
0.68
0.70
0.70
0.68
0.71
0.69
0.69
0.81
0.69
0.70
0.70
0.68
0.67
0.69
0.69
0.68
0.70
0.69
0.72
0.70
0.76
0.72
1.00
0.71
0.75
0.69
0.71
0.70
0.70
1.38
0.69
0.69
0.68
0.70
0.70
0.71
0.71
0.75
0.68
0.70
0.70
0.69
0.69
0.70
0.69
0.69
0.77
0.74
0.70
0.69
0.75
0.71
0.66
0.69
0.70
0.70
0.69
0.71
0.76
0.68
0.70
0.76
0.70
0.69
0.69
0.70
0.70
0.70
0.69
0.69
0.68
0.67
0.67
0.69
0.69
0.89
0.69
0.68
0.68
0.71
0.70
0.69
0.75
0.77
0.67
0.68
0.68
0.68
0.69
0.68
0.75
0.69
0.67
0.69
0.70
0.72
0.68
0.69
0.70
0.69
0.70
0.74
1.44
0.74
0.76
0.70
0.68
0.68
0.69
0.74
0.69
0.94
0.68
0.70
0.67
0.69
0.70
0.70
0.68
0.69
0.68
0.67
0.67
0.69
0.69
0.69
0.69
0.69
1.39
0.70
0.69
0.67
0.75
0.88
0.69
0.69
0.70
0.70
0.72
0.68
0.68
0.69
0.69
0.69
0.69
0.68
0.67
0.71
0.67
0.68
0.68
0.70
0.68
0.69
0.69
1.41
0.68
0.69
0.68
0.67
0.68
0.68
0.69
0.69
0.77
0.55
0.68
0.68
0.68
0.68
0.68
0.69
0.57
1.06
0.68
0.69
0.71
0.50
0.69
0.68
0.62
0.67
0.70
0.68
0.69
0.71
0.69
0.65
0.70
0.67
0.68
0.68
0.68
0.75
0.75
0.70
0.69
0.69
0.70
0.76
0.68
0.67
0.70
0.68
0.76
0.75
0.77
0.68
0.70
0.69
0.69
0.69
0.69
0.75
0.70
0.70
0.69
0.74
0.69
0.69
0.73
0.68
0.70
0.69
0.69
0.68
0.70
0.70
0.67
0.69
0.67
0.69
0.54
0.69
0.69
0.69
0.69
0.68
0.75
0.73
0.69
0.69
0.69
0.75
0.68
0.68
0.69
0.77
0.36
0.83
0.67
0.39
0.67
0.68
0.74
0.36
0.69
0.42
0.68
0.37
0.68
0.68
0.38
0.67
0.37
0.40
0.69
0.37
0.73
0.76
0.70
0.74
0.70
0.73
1.48
0.69
0.76
0.69
0.69
0.68
0.68
0.70
0.70
0.68
0.69
0.75
0.69
0.66
0.69
0.69
0.47
0.70
0.71
0.69
0.74
0.77
0.75
0.67
0.68
0.72
1.35
0.69
0.68
0.73
0.73
0.69
0.69
0.75
0.75
