999.7
999.6
1000
999.7
1000
999.9
999.7
999.7
999.8
999.9
999.8
999.8
999.8
1000
999.9
999.9
999.9
999.9
999.9
999.9
999.8
999.8
1000
999.9
1000
1000
1000
1000
1000
1000
1000
1000
1000
1000
1000
1001
1000
1000
1000
1000
1000
1000
1000
1000
1000
1000
1001
1000
1000
1000
1001
1000
1001
1001
1001
1001
1000
1001
1001
1001
1001
1001
1001
1001
1001
1001
1001
1001
1001
1001
1001
1001
1001
1001
1001
1001
1001
1001
1001
1001
1001
1002
1001
1001
1001
1001
1002
1001
1001
1001
1002
1001
1002
1001
1001
1002
1001
1001
1002
1002
1002
1002
1002
1002
1002
1002
1002
1002
1002
1002
1002
1002
1002
1002
1002
1002
1002
1002
1002
1002
1002
1002
1002
1003
1002
1002
1002
1002
1002
1003
1002
1003
1002
1002
1003
1002
1003
1003
1002
1003
1003
1003
1003
1003
1003
1003
1003
1003
1003
1003
1003
1003
1003
1003
1003
1003
1003
1003
1003
1003
1003
1003
1003
1003
1003
1003
1003
1003
1004
1004
1003
1004
1003
1003
1004
1004
1004
1004
1004
1004
1004
1004
1004
1004
1004
1004
1004
1004
1004
1004
1004
1004
1004
1004
1004
1004
1004
1004
1004
1004
1004
1004
1004
1004
1004
1004
1004
1004
1004
1004
1004
1004
1005
1004
1004
1004
1004
1004
1004
1004
1004
1005
1005
1005
1005
1005
1005
1005
1005
1005
1005
1005
1005
1005
1005
1005
1005
1005
1005
1006
1005
1005
1005
1005
1005
1005
1005
1005
1005
1005
1005
1005
1005
1005
1005
1005
1006
1005
1005
1005
1006
1006
1006
1006
1006
1006
1006
1006
1006
1006
1006
1006
1006
1006
1006
1006
1006
1006
1006
1006
1006
1006
1006
1006
1006
1006
1006
1006
1006
1006
1006
1006
1006
1006
1006
1006
1006
1006
1006
1006
1006
1006
1006
1007
1007
1006
1006
1007
1007
1006
1006
1007
1007
1007
1007
1007
1006
1007
1007
1007
1007
1007
1007
1007
1007
1007
1007
1007
1007
1007
1007
1007
1007
1007
1007
1007
