943.4
943.9
944
945.9
945.7
945.8
946
946
946.2
945.9
946
946
946.4
946.3
946.2
946.1
946.3
946.3
946.3
946.3
953.5
946.2
946.3
946.2
946.3
946.3
946.5
954.8
954.8
954.8
954.8
954.8
955.1
954.8
956.1
956
955.8
955.8
956
955.8
956
955.9
955.9
956
955.9
955.9
956
955.9
956
955.9
955.9
956
955.9
955.9
956
955.9
956
956.3
956
955.9
956.1
956
955.9
955.9
955.9
956
955.9
955.9
955.9
955.9
955.9
956
956.1
956
955.9
955.9
955.9
956.1
955.9
956.2
955.9
955.9
956
956
955.9
956.2
955.9
956.1
956.1
956.1
955.9
956.1
956
956.1
956.1
956
956
956.2
956
956.2
956
956.1
956.1
956.1
956
956.5
956.1
956
956
956.2
956
956
956
956
956.1
956
956.3
956.1
956
956
956
