147.94
132.10
103.55
106.10
106.95
107.76
101.61
117.63
100.97
110.91
99.52
99.64
115.00
128.12
99.07
98.87
105.80
98.79
98.87
103.98
131.29
99.11
99.10
112.53
99.39
98.90
110.39
97.39
98.83
109.35
101.02
99.09
98.87
113.34
98.96
97.40
98.88
98.79
99.60
99.02
111.00
93.91
98.96
108.81
99.27
99.76
99.27
99.01
98.92
99.75
98.57
99.23
98.03
98.99
110.11
98.64
99.62
108.88
98.92
98.65
106.16
99.11
99.01
99.11
98.77
102.85
98.56
99.58
99.80
98.62
99.14
108.35
98.81
98.60
109.50
98.22
98.29
99.01
99.04
103.57
98.64
99.06
97.76
99.24
98.91
111.20
98.37
99.27
110.14
99.02
98.60
101.02
98.96
99.07
98.34
98.67
99.09
99.26
98.77
108.89
99.05
98.93
106.78
98.98
98.76
107.16
98.54
97.99
98.71
98.58
99.19
98.45
98.02
98.99
98.67
98.03
117.51
98.97
99.00
107.74
0.74
