0.78
0.72
0.69
0.78
0.58
0.75
0.76
0.77
0.74
0.75
0.74
0.75
0.78
0.71
0.69
0.69
0.69
0.57
0.68
0.76
0.68
0.75
0.74
0.75
0.75
0.74
0.75
0.75
0.73
0.75
0.76
0.75
0.75
0.77
0.76
0.76
0.76
0.74
0.84
0.82
0.84
0.84
0.86
0.86
0.84
0.83
0.85
0.83
0.82
0.86
0.85
0.86
0.81
0.86
0.86
0.84
0.85
0.83
0.76
0.73
0.73
0.82
0.83
0.85
0.84
0.83
0.85
0.85
0.83
0.84
0.85
0.85
0.87
1.48
0.81
0.82
0.83
0.81
0.82
0.82
0.80
1.60
0.81
0.83
0.81
0.82
0.76
0.85
0.82
0.84
0.83
0.85
1.62
0.81
0.80
0.82
0.81
0.83
0.82
0.83
0.81
0.84
0.74
0.73
1.53
0.72
0.72
0.80
0.83
0.71
0.81
0.73
0.55
0.82
0.83
0.72
0.82
0.81
0.83
0.74
0.72
