194.21
121.82
117.41
105.98
108.01
103.96
99.61
108.82
105.57
99.12
114.36
100.93
99.79
136.90
99.17
99.25
118.37
98.74
99.05
102.20
108.22
98.86
99.23
98.05
110.74
99.19
108.44
109.20
98.81
99.72
110.29
99.20
98.99
98.47
99.33
98.88
99.17
98.57
110.84
98.96
101.40
104.65
98.81
99.34
100.26
99.11
99.15
99.02
98.34
98.79
99.01
105.16
118.00
99.03
98.95
116.05
99.35
99.26
110.83
98.95
100.70
99.10
97.96
98.92
98.70
104.45
98.77
98.67
98.26
109.94
101.70
99.24
111.42
99.62
99.43
99.02
99.04
99.25
97.94
100.79
98.97
104.52
98.94
110.10
98.82
99.14
110.59
98.84
99.19
97.88
99.01
99.48
98.68
98.79
100.79
98.93
99.20
109.47
99.03
99.23
109.66
98.63
98.85
98.83
98.98
98.63
98.91
99.09
98.02
99.10
99.07
108.87
99.09
99.20
109.03
99.19
98.15
109.51
99.14
98.60
0.85
