0.73
0.73
0.67
0.72
0.67
0.68
0.68
0.74
0.74
0.68
0.70
0.72
0.68
0.72
0.68
0.69
0.68
0.67
0.74
0.69
0.69
0.69
0.69
0.68
0.68
0.69
0.70
0.68
0.69
0.75
0.68
0.67
0.68
0.70
0.73
0.71
0.69
0.68
0.69
0.69
0.68
0.69
0.69
0.69
0.73
1.01
0.68
0.73
0.70
0.68
0.68
0.68
0.68
0.74
0.68
0.68
0.69
1.33
0.69
0.68
0.67
0.67
0.69
0.68
0.68
0.68
0.68
0.68
0.74
0.68
0.70
1.43
0.70
0.67
0.69
0.69
0.69
0.68
0.68
0.67
0.68
0.70
0.69
0.68
0.69
1.33
0.69
0.66
0.34
0.69
0.70
0.70
0.72
0.68
0.67
0.72
0.69
0.68
0.69
1.40
0.68
0.68
0.68
0.48
0.68
0.74
0.72
0.72
0.73
0.68
0.67
0.67
0.69
1.39
0.70
0.69
0.67
0.68
0.66
0.68
0.68
0.67
0.69
0.69
0.73
0.73
0.74
0.68
0.69
0.69
0.68
0.69
0.70
0.74
0.67
0.68
0.72
0.69
0.69
0.68
0.71
1.38
0.69
0.69
0.68
0.68
0.68
0.68
0.69
0.68
0.69
0.71
0.69
0.68
0.68
0.47
0.70
0.69
0.69
0.69
0.73
0.75
0.70
0.68
0.68
0.69
0.69
0.73
0.72
0.86
0.68
0.69
0.69
0.68
0.68
0.68
0.74
0.69
0.68
0.70
0.69
0.69
0.65
0.68
0.69
0.69
0.69
0.68
0.69
0.68
0.69
0.68
0.69
0.69
0.68
0.68
0.68
0.68
0.69
0.69
0.69
0.73
0.73
0.69
0.67
0.74
0.68
0.68
0.70
0.68
0.64
0.69
0.67
0.69
0.70
0.38
0.69
0.69
0.69
0.68
0.73
0.70
0.69
0.88
0.69
0.68
0.75
0.74
0.68
0.68
0.69
0.69
0.68
0.68
0.69
0.69
0.69
1.06
0.73
0.69
0.68
0.69
0.68
0.69
0.67
0.68
0.69
0.68
0.69
0.68
0.69
0.70
0.75
0.69
0.69
0.69
0.70
0.75
0.69
0.68
0.68
0.68
0.70
0.58
0.70
1.36
0.69
0.69
0.68
0.70
0.69
0.69
0.68
0.68
0.69
0.68
0.68
0.68
0.68
0.69
0.69
0.69
0.68
0.73
0.72
0.68
0.71
0.67
0.68
0.68
0.68
0.68
0.68
1.40
0.33
0.70
0.68
0.69
0.70
0.70
0.68
0.95
0.68
0.68
0.69
0.68
0.69
0.68
0.67
0.66
0.69
0.67
0.68
0.68
0.70
0.68
0.68
0.69
0.67
0.73
0.69
0.66
0.69
0.69
0.67
0.68
0.68
0.69
0.72
0.42
0.68
0.75
