0.79
0.92
0.51
0.49
0.39
0.44
0.54
0.41
0.53
0.51
0.58
0.51
0.35
0.45
0.46
0.53
0.47
0.49
0.40
0.50
0.49
0.37
0.39
0.46
0.41
0.44
0.38
0.46
0.48
0.46
0.43
0.46
0.46
0.50
0.45
0.41
0.48
0.42
0.45
0.36
0.47
0.51
0.48
0.48
0.48
0.44
0.41
0.29
0.25
0.28
0.24
0.29
0.24
0.26
0.37
0.35
0.54
0.60
0.59
0.65
0.58
0.48
0.57
0.54
0.78
0.48
0.51
0.56
0.53
0.49
0.56
0.53
0.62
0.55
0.57
0.52
0.50
0.82
0.49
0.51
0.56
0.54
0.59
0.55
0.56
0.51
0.43
0.48
0.56
0.50
0.75
0.88
0.75
0.69
0.67
0.50
0.61
0.56
0.59
0.50
0.80
0.52
0.71
0.72
0.70
0.77
0.81
0.80
0.81
0.85
0.80
0.90
0.73
0.74
0.78
0.74
0.79
0.80
0.81
0.86
0.84
0.88
0.82
0.75
0.83
0.72
0.82
0.78
0.81
0.88
0.81
0.86
0.82
0.83
0.87
0.75
0.80
0.75
0.73
0.89
0.80
0.80
0.78
0.81
0.86
0.74
0.75
0.75
0.73
0.83
0.80
0.84
0.88
0.81
0.92
0.76
0.72
0.83
0.74
0.81
0.76
0.84
0.86
0.81
0.88
0.81
0.75
0.80
0.71
0.80
0.76
0.74
0.89
0.79
0.86
0.81
0.80
0.79
0.75
0.74
0.75
0.75
0.84
0.83
0.80
0.87
0.80
0.89
0.82
0.74
0.79
0.74
0.80
0.74
0.82
0.86
0.78
0.87
0.80
0.75
0.81
0.73
0.80
0.72
0.81
0.86
0.86
0.83
0.82
0.81
0.78
0.73
0.83
0.76
0.72
0.90
0.81
0.83
0.79
0.82
0.85
0.73
0.76
0.71
0.72
0.84
0.81
0.84
0.82
0.78
0.89
0.82
0.76
0.81
0.74
0.80
0.74
0.84
0.83
0.83
0.87
0.81
0.82
0.79
0.76
0.81
0.76
0.73
0.88
0.82
0.88
0.79
0.83
0.87
0.74
0.80
0.73
0.73
0.79
0.82
0.86
0.79
0.80
0.87
0.74
0.77
0.75
0.73
0.81
0.80
0.80
0.80
0.79
0.88
0.83
0.77
0.81
0.73
0.79
0.74
0.82
0.88
0.79
0.91
0.82
0.79
0.81
0.76
0.80
0.76
0.74
1.37
0.80
0.87
0.80
0.78
0.78
0.72
0.80
0.76
0.76
0.82
0.79
0.83
0.80
0.79
0.87
0.74
0.78
0.73
0.76
0.79
0.75
0.79
0.80
0.80
0.89
0.80
0.75
0.79
0.77
0.80
0.73
0.83
0.87
0.81
0.90
0.81
0.80
0.78
0.77
0.82
0.73
0.75
0.85
0.81
0.84
0.79
0.78
0.84
0.75
0.80
0.75
0.75
0.80
0.79
0.85
0.81
0.81
0.87
0.73
0.79
0.76
0.76
0.82
0.75
0.79
0.80
0.88
0.88
0.77
0.78
0.74
0.76
0.78
0.75
0.75
0.88
0.83
0.91
0.81
0.81
0.80
0.76
0.81
0.73
0.73
0.87
0.80
0.85
0.82
0.81
0.87
0.71
0.78
0.77
0.73
0.78
0.79
0.84
0.82
0.84
0.88
0.73
0.80
0.74
0.74
0.81
0.75
0.86
0.84
0.78
0.85
0.79
0.82
0.74
0.74
0.79
0.71
0.74
0.83
0.81
0.86
0.80
0.79
0.79
0.76
0.79
0.70
0.73
0.87
0.79
0.81
0.81
0.81
0.82
0.74
0.79
0.73
0.74
0.79
0.80
0.85
0.79
0.78
0.83
0.79
0.80
0.76
0.76
0.81
0.74
0.85
0.77
0.77
0.86
0.80
0.81
0.75
0.74
0.83
0.74
0.75
0.80
0.76
0.92
0.81
0.81
0.75
0.75
0.82
0.75
0.74
0.87
0.81
0.87
0.82
0.84
0.79
0.77
0.79
0.73
0.74
0.80
0.82
0.83
0.81
0.81
0.87
0.77
0.79
0.75
0.73
0.79
0.73
0.86
0.79
0.79
0.85
0.81
0.82
0.77
0.75
0.80
0.75
0.79
0.81
0.84
0.90
0.80
0.80
0.76
0.76
0.79
0.75
0.75
0.79
0.82
0.87
0.81
0.79
0.76
0.75
0.80
0.74
0.74
0.79
0.78
0.83
0.80
0.83
0.88
0.76
0.82
0.77
0.75
0.80
0.81
0.85
0.81
0.82
0.86
0.81
0.80
0.75
0.73
0.80
0.71
0.85
0.80
0.83
0.86
0.81
0.80
0.75
0.74
0.81
0.74
0.81
0.79
0.82
0.87
0.86
0.78
0.73
0.68
0.83
0.76
0.75
0.81
0.81
0.84
0.81
0.81
0.83
0.75
0.80
0.76
0.74
0.79
0.81
0.84
0.80
0.81
0.86
0.84
0.81
0.76
0.76
0.77
0.74
0.85
0.80
0.81
0.87
0.81
0.84
0.74
0.77
0.81
0.74
0.79
0.81
0.79
0.88
0.83
0.88
0.76
0.77
0.81
0.74
0.74
0.78
0.82
0.86
0.79
0.80
0.82
0.76
0.79
0.76
0.74
0.75
0.82
0.86
0.81
0.82
0.86
0.79
0.80
0.77
0.75
0.80
0.75
0.84
0.78
0.76
0.86
0.82
0.80
0.76
0.74
0.75
0.76
0.81
0.83
0.52
0.83
0.81
0.84
0.75
0.76
0.79
0.75
0.81
0.83
0.80
0.86
0.81
0.81
0.82
0.76
0.81
0.75
0.71
0.74
0.79
0.85
0.80
0.80
0.80
0.81
0.81
0.74
0.76
0.77
0.74
0.86
0.81
0.81
0.86
0.82
0.82
0.77
0.75
0.81
0.77
0.86
0.82
0.80
0.88
0.83
0.89
0.75
0.77
0.78
0.74
0.82
0.81
0.80
0.84
0.80
0.86
0.73
0.76
0.82
0.74
0.80
0.75
0.84
0.90
0.81
0.87
0.80
0.73
0.80
0.76
0.76
0.75
0.82
0.86
0.80
0.82
0.81
0.79
0.77
0.74
0.74
0.80
0.77
0.84
0.77
0.82
0.84
0.83
0.90
0.72
0.78
0.81
0.77
0.76
0.84
0.81
0.85
0.82
0.87
0.82
0.75
0.81
0.75
0.81
0.73
0.79
0.86
0.82
0.85
0.82
0.81
0.80
0.76
0.75
0.73
0.76
0.87
0.67
0.81
0.79
0.80
0.83
0.72
0.74
0.79
0.76
0.80
0.81
0.82
0.87
0.82
0.94
0.72
0.74
0.81
0.71
0.78
0.82
0.83
0.88
0.83
0.86
0.80
0.75
0.81
0.75
0.80
0.74
0.79
0.90
0.79
0.85
0.81
0.78
0.79
0.73
0.76
0.75
0.75
0.86
0.79
0.80
0.82
0.82
0.90
0.75
0.72
0.80
0.75
0.84
0.82
0.81
0.86
0.80
0.90
0.76
0.81
0.79
0.73
0.81
0.79
0.82
0.88
0.80
0.89
0.80
0.75
0.83
0.76
0.79
0.75
0.77
0.84
0.81
0.87
0.80
0.81
0.80
0.74
0.82
0.75
0.75
0.87
0.84
0.84
0.80
0.84
0.87
0.75
0.77
0.74
0.76
0.79
0.92
0.73
0.75
0.79
0.86
0.74
0.79
0.82
0.75
0.80
0.79
0.79
0.87
0.77
0.84
0.82
0.72
0.79
0.74
0.84
0.75
0.82
0.88
0.81
0.88
0.81
0.75
0.78
0.75
0.81
0.75
0.79
0.85
0.79
0.87
0.81
0.81
0.80
0.73
0.80
0.75
0.74
0.81
0.81
0.80
0.81
0.83
0.90
0.78
0.78
0.75
0.75
0.81
0.81
0.79
0.80
0.81
0.90
0.74
0.85
0.81
0.76
0.85
0.77
0.81
0.86
0.81
0.88
0.80
0.74
0.80
0.73
0.86
0.77
0.78
0.88
0.81
0.88
0.83
0.81
0.77
0.77
0.80
0.73
0.73
0.85
0.79
0.86
0.83
0.82
0.87
0.74
0.85
0.73
0.76
0.80
0.79
0.79
0.79
0.80
0.89
0.81
0.75
0.82
0.72
0.82
0.74
0.80
0.88
0.82
0.90
0.81
0.54
0.46
0.72
0.81
0.77
0.76
0.88
0.82
0.85
0.80
0.82
0.86
0.77
0.81
0.73
0.76
0.81
0.81
0.85
0.80
0.77
0.85
0.76
0.79
0.76
0.78
0.80
0.79
0.81
0.80
0.81
0.90
0.80
0.74
0.73
0.74
0.81
0.77
0.79
0.87
0.82
0.86
0.80
0.82
0.83
0.76
0.80
0.76
0.75
0.89
0.80
0.88
0.77
0.85
0.81
0.75
0.80
0.73
0.74
0.80
0.75
0.88
0.83
0.78
1.18
0.76
0.76
0.73
0.74
0.81
0.79
0.82
0.82
0.83
0.84
0.81
0.75
0.77
0.74
0.82
0.73
0.81
0.79
0.81
0.85
0.80
0.83
0.83
0.74
0.82
0.75
0.76
0.87
0.79
0.86
0.79
0.81
0.79
0.79
0.82
0.71
0.77
0.86
0.83
0.92
0.83
0.83
0.86
0.77
0.81
0.74
0.76
0.80
0.80
0.85
0.81
0.79
0.84
0.79
0.82
0.77
0.72
0.80
0.76
0.81
0.80
0.80
0.90
0.83
0.77
0.75
0.76
0.82
0.73
0.82
0.81
0.83
0.88
0.81
0.84
0.82
0.75
0.83
0.76
0.75
0.83
0.82
0.85
0.80
0.80
0.88
0.78
0.80
0.73
0.76
0.81
0.82
0.83
0.81
0.82
0.88
0.74
0.80
0.80
0.76
0.81
0.83
0.88
0.79
0.81
0.85
0.80
0.82
0.76
0.77
0.81
0.74
0.85
0.81
0.83
0.87
0.81
0.80
0.71
0.75
0.83
0.76
0.76
0.82
0.79
0.89
0.82
0.82
0.73
0.75
0.79
0.75
0.77
0.87
0.79
0.84
0.82
0.79
0.86
0.75
0.81
0.74
0.74
0.81
0.84
0.83
0.81
0.83
0.83
0.81
0.79
0.77
0.76
0.81
0.78
0.87
0.79
0.85
0.85
0.81
0.80
0.73
0.74
0.79
0.73
0.85
0.80
0.82
0.83
0.83
0.85
0.75
0.73
0.80
0.75
0.75
0.80
0.80
0.82
0.81
0.79
0.87
0.73
0.82
0.73
0.73
0.82
0.83
0.85
0.81
0.83
0.86
0.76
0.79
0.74
0.75
0.80
0.81
0.86
0.81
0.84
0.86
0.78
0.81
0.75
0.74
0.78
0.79
0.88
0.81
0.80
0.83
0.81
0.88
0.72
0.74
0.79
0.75
0.74
0.84
0.83
0.85
0.80
0.82
0.83
0.59
0.76
0.72
0.76
0.79
0.85
0.89
0.81
0.78
0.84
0.74
0.83
0.75
0.75
0.79
0.81
0.87
0.83
0.81
0.84
0.79
0.79
0.75
0.77
0.80
0.75
0.87
0.81
0.88
0.86
0.81
0.89
0.75
0.72
0.78
0.75
0.80
0.80
0.79
0.85
0.83
0.87
0.82
0.76
0.80
0.74
0.74
0.77
0.84
0.85
0.81
0.81
0.86
0.74
0.80
0.80
0.44
0.70
0.71
0.84
0.79
0.80
0.88
0.83
0.88
0.76
0.76
0.69
0.27
0.74
0.80
0.80
0.89
0.82
0.88
0.80
0.79
0.37
0.74
0.73
0.76
0.80
0.84
0.81
0.83
0.90
0.49
0.70
0.76
0.76
0.73
0.81
0.87
0.83
0.81
0.88
0.78
0.87
0.74
0.76
0.82
0.77
0.78
0.79
0.82
0.85
0.80
0.85
0.82
0.74
0.82
0.73
0.75
0.74
0.83
0.86
0.80
0.82
0.78
0.80
0.78
0.74
0.77
0.81
0.74
0.86
0.80
0.80
0.85
0.78
0.81
0.74
0.74
0.82
0.79
0.81
0.81
0.82
0.84
0.79
0.86
0.75
0.73
0.82
0.76
0.82
0.82
0.81
0.88
0.79
0.84
0.79
0.77
0.79
0.75
0.75
0.69
0.80
0.85
0.81
0.81
0.80
0.80
0.81
0.74
0.74
0.79
0.76
0.88
0.77
0.79
0.85
0.83
0.87
0.75
0.73
0.80
0.81
0.79
0.80
0.79
0.86
0.83
0.86
0.74
0.74
0.78
0.77
0.81
0.77
0.79
0.87
0.80
0.88
0.80
0.78
0.78
0.73
0.80
0.76
0.82
0.88
0.81
0.80
0.79
0.79
0.81
0.77
0.74
0.75
0.75
0.87
0.81
0.83
0.84
0.80
0.87
0.75
0.74
0.80
0.78
0.79
0.80
0.81
0.85
0.79
0.85
0.79
0.71
0.81
0.76
0.84
0.76
0.81
0.86
0.83
0.86
0.80
0.76
0.79
0.73
0.80
0.75
0.76
0.78
0.74
0.81
0.83
0.81
0.78
0.74
0.73
0.73
0.74
0.81
0.78
0.81
0.81
0.79
0.87
0.74
0.78
0.84
0.81
0.81
0.81
0.83
0.89
0.82
0.89
0.80
0.76
0.81
0.71
0.78
0.75
0.82
0.86
0.82
0.87
0.82
0.77
0.81
0.75
0.80
0.75
0.72
0.87
0.83
0.84
0.80
0.79
0.80
0.76
0.76
0.76
0.76
0.86
0.80
0.81
0.81
0.82
0.87
0.73
0.73
0.75
0.80
0.83
0.82
0.83
0.81
0.83
0.88
0.75
0.78
0.82
0.73
0.83
0.84
0.81
0.86
0.82
0.88
0.81
0.73
0.79
0.74
0.79
0.75
0.82
0.88
0.82
0.86
0.82
0.79
0.83
0.75
0.81
0.76
0.73
0.88
0.81
0.88
0.99
0.82
0.85
0.77
0.79
0.75
0.81
0.83
0.81
0.79
0.80
0.78
0.90
0.75
0.75
0.74
0.73
0.82
0.82
0.82
0.87
0.82
0.88
0.64
0.76
0.80
0.74
0.80
0.74
0.80
0.88
0.84
0.87
0.81
0.81
0.79
0.77
0.81
0.76
0.75
0.87
0.81
0.85
0.84
0.82
0.87
0.74
0.79
0.74
0.79
0.82
0.81
0.81
0.81
0.82
0.88
0.75
0.76
0.75
0.75
0.82
0.82
0.77
0.86
0.82
0.87
0.80
5.72
0.81
0.74
0.79
0.71
0.77
0.84
0.83
0.88
0.82
0.80
0.79
0.77
0.80
0.73
0.76
0.86
0.80
0.82
0.80
0.83
0.86
0.75
0.80
0.77
0.79
0.82
0.80
0.87
0.81
0.84
0.87
0.67
0.69
0.75
0.71
0.80
0.75
0.84
0.83
0.80
0.88
0.81
0.75
0.83
0.75
0.81
0.93
0.84
0.81
0.81
0.85
0.80
0.80
0.81
0.76
0.81
0.81
0.61
0.74
0.77
0.86
0.82
0.83
0.89
0.80
0.83
0.75
0.76
0.80
0.74
0.81
0.78
0.79
0.89
0.79
0.76
0.74
0.75
0.83
0.76
0.77
0.88
0.83
0.86
0.79
0.82
0.81
0.75
0.77
0.76
0.77
0.89
0.81
0.87
0.82
0.82
0.86
0.76
0.83
0.75
0.76
0.80
0.84
0.87
0.85
0.81
0.84
0.60
0.81
0.71
0.73
0.81
0.73
0.77
0.79
0.82
0.87
0.80
0.81
0.75
0.72
0.78
0.76
0.77
0.87
0.81
0.87
0.81
0.78
0.81
0.75
0.79
0.75
0.73
0.81
0.83
0.87
0.82
0.80
0.84
0.72
0.83
0.76
0.72
0.81
0.82
0.87
0.83
0.83
0.88
0.82
0.75
0.76
0.75
0.82
0.75
0.78
0.80
0.78
0.85
0.82
0.82
0.74
0.78
0.79
0.75
0.76
0.88
0.81
0.84
0.79
0.83
0.85
0.74
0.77
0.76
0.77
0.79
0.78
0.85
0.81
0.81
0.84
0.80
0.81
0.75
0.74
0.79
0.81
0.84
0.69
0.84
0.86
0.80
0.84
0.76
0.74
0.70
0.74
0.78
0.81
0.68
0.71
0.69
0.71
0.73
0.63
0.68
0.66
0.66
0.68
0.66
0.73
0.69
0.68
0.74
0.70
0.69
0.75
0.64
0.69
0.66
0.62
0.69
0.75
0.50
0.48
0.42
0.69
0.41
0.50
0.72
0.75
0.83
0.75
0.74
0.81
0.78
0.87
0.84
0.80
0.86
0.79
0.85
0.75
0.77
0.82
0.76
0.81
0.83
0.79
0.83
0.83
0.81
0.76
0.73
0.83
0.76
0.76
0.73
0.81
0.87
0.82
0.73
0.78
0.82
0.82
0.73
0.74
0.83
0.75
0.83
0.81
0.81
0.87
0.82
0.82
0.74
0.75
0.86
0.74
0.70
0.68
0.69
0.72
0.69
0.71
0.81
0.79
0.67
0.65
0.63
0.68
0.64
0.41
0.37
0.72
0.43
0.42
0.82
0.80
0.80
0.82
0.75
0.74
0.84
0.75
0.86
0.78
0.80
0.86
0.87
0.88
0.74
0.75
0.81
0.74
0.82
0.86
0.80
0.87
0.82
0.88
0.78
0.74
0.81
0.74
0.75
0.77
0.83
0.84
0.82
0.80
0.86
0.73
0.81
0.78
0.76
0.79
0.82
0.86
0.79
0.80
0.90
0.82
0.80
0.72
0.74
0.82
0.64
0.70
0.70
0.69
0.73
0.73
0.69
0.83
0.65
0.65
0.64
0.66
0.69
0.67
0.49
0.82
0.42
0.48
0.83
0.79
0.81
0.72
0.79
0.77
0.78
0.82
0.82
0.85
0.80
0.81
0.89
0.84
0.81
0.73
0.74
0.82
0.76
0.88
0.83
0.80
0.88
0.82
0.89
0.74
0.74
0.80
0.76
0.81
0.84
0.83
1.02
0.81
0.86
0.82
0.76
0.81
0.77
0.76
0.75
0.82
0.87
0.82
0.80
0.82
0.82
0.80
0.73
0.76
0.83
0.64
0.75
0.79
0.70
0.73
0.69
0.75
0.69
0.65
0.70
0.64
0.65
0.64
0.63
0.76
0.68
0.71
0.72
0.69
0.73
0.70
0.66
0.69
0.63
0.65
0.64
0.63
0.64
0.42
0.47
0.50
0.43
0.51
0.82
0.76
0.80
0.76
0.80
0.74
0.83
0.85
0.81
0.81
0.80
0.84
0.82
0.73
0.70
0.77
0.76
0.85
0.87
0.85
0.86
0.83
0.87
0.76
0.77
0.82
0.77
0.83
0.77
0.81
0.86
0.82
0.86
0.80
0.64
0.78
0.74
0.83
0.77
0.81
0.85
0.82
0.89
0.76
0.75
0.82
0.74
0.77
0.74
0.77
0.87
0.80
0.84
0.82
0.80
0.69
0.65
0.65
0.69
0.64
0.69
0.69
0.72
0.91
0.70
0.69
0.69
0.46
0.44
0.39
0.82
0.42
0.36
0.87
0.73
0.80
0.89
0.83
0.90
0.81
0.82
0.81
0.71
0.75
0.74
0.77
0.89
0.83
0.83
0.80
0.83
0.89
0.76
0.76
0.81
0.75
0.81
0.78
0.86
0.86
0.80
0.90
0.81
0.73
0.80
0.75
0.80
0.74
0.80
0.86
0.83
0.89
0.83
0.74
0.81
0.78
0.82
0.75
0.73
0.88
0.77
0.87
0.81
0.80
0.75
0.77
0.64
0.63
0.65
0.71
0.71
0.69
0.73
0.69
0.74
0.69
0.70
0.69
0.64
0.38
0.37
0.70
0.42
0.39
0.67
0.73
0.86
0.87
0.81
0.81
0.84
0.67
0.84
0.75
0.74
0.90
0.79
0.82
0.84
0.77
0.88
0.76
0.76
0.73
0.76
0.81
0.80
0.81
0.89
0.82
0.89
0.82
0.79
0.83
0.75
0.77
0.83
0.96
0.87
0.80
0.87
0.80
0.80
0.79
0.74
0.81
0.73
0.78
0.87
0.84
0.85
0.82
0.81
0.88
0.75
0.82
0.65
0.61
0.82
0.74
0.71
0.72
0.77
0.79
0.68
0.68
0.65
0.66
0.69
0.68
0.68
0.70
0.73
0.76
0.61
0.75
0.67
0.68
0.68
0.78
0.77
0.69
0.68
0.76
0.67
0.68
0.63
0.66
0.77
0.72
0.76
0.72
0.70
0.75
0.65
0.75
0.61
0.63
0.83
0.74
0.79
0.71
0.72
0.71
0.65
0.69
0.72
0.65
0.74
0.70
0.77
0.71
0.67
0.71
0.62
0.70
0.66
0.64
0.75
0.68
0.76
0.73
0.70
0.68
0.64
0.67
0.65
0.63
0.77
