100.64
111.84
110.68
0.86
0.80
0.81
0.77
0.51
0.53
0.79
0.51
0.41
0.48
0.49
0.47
0.44
0.51
0.53
0.49
0.49
0.46
0.82
0.65
0.78
0.83
0.80
0.64
0.57
0.52
0.51
0.62
0.64
0.58
0.66
0.64
0.59
0.44
0.68
0.62
0.75
0.64
77.36
0.87
0.83
329.26
0.89
210.14
100.81
111.66
119.88
118.75
119.88
0.73
6.95
2.59
0.86
0.53
0.42
0.40
0.37
0.36
0.87
0.47
0.56
0.44
0.78
0.41
0.38
0.44
0.43
0.37
0.50
0.43
0.51
0.44
0.38
0.43
0.39
0.42
0.40
0.40
0.46
0.44
0.51
0.49
0.43
0.51
0.47
0.42
0.37
0.42
0.41
0.41
0.43
0.46
0.48
0.48
0.49
0.45
0.43
0.35
0.28
0.28
0.33
0.23
0.34
0.34
0.35
0.34
0.29
0.76
0.64
0.71
0.67
0.63
0.73
0.59
0.69
0.64
0.58
0.55
0.53
0.55
0.57
0.55
0.53
0.53
0.56
0.59
0.59
0.51
0.67
0.52
0.56
0.47
0.71
0.61
0.76
0.59
0.82
0.44
0.57
0.46
0.50
0.54
0.73
0.51
0.43
0.40
0.95
0.74
0.66
0.74
0.66
0.88
0.48
0.61
0.78
0.74
0.81
0.74
0.82
0.88
0.79
0.87
0.84
0.78
0.81
0.74
0.74
0.75
0.74
0.87
0.81
0.81
0.82
0.83
0.90
0.75
0.76
0.83
0.75
0.80
0.76
0.82
0.89
0.79
0.85
0.77
0.74
0.81
0.74
0.81
0.81
0.79
0.87
0.80
0.87
0.81
0.73
0.78
0.75
0.80
0.75
0.86
0.89
0.83
0.88
0.79
0.81
0.80
0.73
0.80
0.75
0.75
0.89
0.80
0.81
0.75
0.80
0.87
0.76
0.72
0.80
0.74
0.80
0.83
0.84
0.85
0.81
0.86
0.82
0.73
0.81
0.76
0.83
0.77
0.84
0.91
0.83
0.88
0.83
0.83
0.80
0.72
0.78
0.75
0.73
0.89
0.76
0.85
0.78
0.81
0.86
0.74
0.75
0.72
0.75
0.84
0.81
0.82
0.71
0.78
0.88
0.83
0.73
0.82
0.75
0.79
0.71
0.80
0.87
0.78
0.86
0.83
0.78
0.79
0.74
0.80
0.75
0.69
0.88
0.81
0.88
0.82
0.81
0.79
0.74
0.80
0.76
0.75
0.82
0.80
0.80
0.82
0.82
0.82
0.71
0.73
0.74
0.74
0.83
0.79
0.79
0.89
0.80
0.86
0.80
0.75
0.82
0.74
0.82
0.73
0.79
0.90
0.79
0.85
0.78
0.78
0.79
0.76
0.82
0.74
0.73
0.85
0.80
0.88
1.37
0.80
0.85
0.75
0.82
0.75
0.74
0.86
0.82
0.84
0.77
0.83
0.86
0.74
0.78
0.76
0.74
0.83
0.81
0.80
0.77
0.80
1.12
0.80
0.73
0.72
0.75
0.81
0.75
0.84
0.88
0.81
0.86
0.80
0.80
0.78
0.74
0.82
0.74
0.72
0.85
0.82
0.86
0.83
0.80
0.84
0.76
0.82
0.75
0.74
0.80
0.80
0.69
0.84
0.82
0.85
0.73
0.78
0.74
0.72
0.79
0.77
0.81
0.80
0.77
0.87
0.80
0.75
0.81
0.71
0.79
0.73
0.81
0.89
0.81
0.85
0.79
0.80
0.81
0.77
0.79
0.76
0.75
0.87
0.78
0.87
0.80
0.82
0.87
0.74
0.80
0.77
0.75
0.82
0.82
0.87
0.75
0.80
0.88
0.82
0.78
0.76
0.74
0.81
0.78
0.88
0.80
0.79
0.86
0.81
0.73
0.72
0.73
0.79
0.73
0.74
0.86
0.79
0.87
0.79
0.79
0.77
0.78
0.77
0.72
0.82
0.88
0.79
0.87
0.81
0.81
0.84
0.75
0.79
0.76
0.73
0.79
0.78
0.85
0.81
0.82
0.85
0.80
0.78
0.72
0.75
0.78
0.75
0.88
0.81
0.71
0.86
0.81
0.82
0.73
0.75
0.79
0.73
0.73
0.82
0.77
0.83
0.78
0.79
0.75
0.74
0.82
0.74
0.79
0.84
0.80
0.85
0.81
0.80
0.86
0.74
0.80
0.77
0.74
0.78
0.62
0.83
0.81
0.83
0.84
0.79
0.79
0.74
0.74
0.81
0.76
0.85
0.82
0.85
0.88
0.83
0.84
0.78
0.74
0.79
0.70
0.78
0.79
0.79
0.83
0.81
0.80
0.73
0.77
0.78
0.74
0.77
0.80
0.80
0.85
0.81
0.80
0.87
0.76
0.76
0.76
0.75
0.79
0.81
0.83
0.79
0.82
0.85
0.77
0.82
0.73
0.74
0.82
0.82
0.88
0.80
0.80
0.85
0.81
0.80
0.73
0.77
0.79
0.74
0.86
0.78
0.81
0.87
0.82
0.88
0.78
0.75
0.80
0.73
0.86
0.80
0.77
0.87
0.83
0.88
0.74
0.77
0.83
0.74
0.72
0.81
0.80
0.85
0.79
0.80
0.79
0.73
0.79
0.72
0.75
0.82
0.80
0.83
0.82
0.80
0.85
0.84
0.80
0.73
0.73
0.81
0.75
0.88
0.79
0.83
0.85
0.83
0.87
0.75
0.75
0.81
0.74
0.85
0.82
0.83
0.86
0.80
0.82
0.73
0.74
0.79
0.73
0.72
0.76
0.80
0.83
0.81
0.81
0.81
0.76
0.79
0.74
0.75
0.82
0.81
0.85
0.79
0.82
0.87
0.83
0.82
0.78
0.77
0.81
0.73
0.85
0.81
0.80
0.85
0.84
0.84
0.74
0.73
0.79
0.76
0.82
0.79
0.81
0.87
0.80
0.86
0.75
0.73
0.79
0.73
0.81
0.81
0.80
0.86
0.80
0.78
0.78
0.75
0.74
0.72
0.75
0.74
0.79
0.91
0.76
0.79
0.85
0.80
0.79
0.75
0.73
0.81
0.75
0.84
0.81
0.87
0.87
0.81
0.86
0.76
0.75
0.81
0.75
0.83
0.81
0.79
0.86
0.82
0.86
0.74
0.74
0.77
0.74
0.80
0.83
0.79
0.87
0.81
0.87
0.82
0.77
0.79
0.75
0.75
0.73
0.80
0.89
0.83
0.80
0.82
0.74
0.81
0.76
0.73
0.75
0.80
0.86
0.81
0.79
0.82
0.80
0.80
0.73
0.74
0.78
0.76
0.90
0.80
0.81
0.87
0.81
0.85
0.76
0.75
0.80
0.74
0.80
0.84
0.81
0.88
0.80
0.82
0.75
0.74
0.81
0.75
0.80
0.75
0.82
0.88
0.82
0.87
0.82
0.74
0.81
0.73
0.76
0.73
0.81
0.85
0.81
0.80
0.82
0.80
0.80
0.71
0.74
0.81
0.74
0.89
0.81
0.83
0.82
0.79
0.86
0.75
0.74
0.80
0.75
0.78
0.83
0.80
0.87
0.80
0.86
0.78
0.76
0.81
0.73
0.82
0.73
0.81
0.88
0.80
0.89
0.81
0.68
0.74
0.75
0.74
0.72
0.77
0.85
0.81
0.82
0.82
0.83
0.87
0.75
0.74
0.78
0.78
0.80
0.82
0.80
0.86
0.82
0.86
0.74
0.75
0.83
0.78
0.79
0.81
0.81
0.87
0.82
0.86
0.80
0.74
0.80
0.75
0.80
0.74
0.82
0.85
0.80
0.88
0.81
0.81
0.80
0.72
0.82
0.76
0.75
0.87
0.79
0.74
0.86
0.81
0.80
0.75
0.74
0.75
0.77
0.82
0.81
0.81
0.87
0.81
0.86
0.77
0.76
0.82
0.75
0.79
0.82
0.80
0.88
0.80
0.88
0.82
0.75
0.80
0.76
0.82
0.72
0.80
0.88
0.75
0.89
0.80
0.79
0.80
0.75
0.81
0.75
0.75
0.85
0.81
0.86
0.78
0.81
0.82
0.73
0.76
0.75
0.76
0.86
0.83
0.83
0.81
0.79
0.86
0.72
0.75
0.75
0.74
0.79
0.81
0.77
0.85
0.81
0.86
0.80
0.73
0.79
0.74
0.79
0.75
0.79
0.85
0.79
0.89
0.81
0.79
0.80
0.76
0.80
0.73
0.82
0.86
0.81
0.85
0.82
0.78
0.79
0.76
0.79
0.74
0.72
0.88
0.82
0.89
0.78
0.80
0.86
0.76
0.75
0.78
0.76
0.79
0.83
0.80
0.82
0.86
0.88
0.74
0.77
0.80
0.75
0.81
0.74
0.82
0.87
0.79
0.86
0.77
0.74
0.81
0.73
0.82
0.74
0.74
0.88
0.81
0.87
0.79
0.81
0.82
0.75
0.79
0.75
0.66
0.87
0.82
0.89
0.81
0.82
0.67
0.42
0.68
0.71
0.75
0.82
0.82
0.80
0.81
0.86
0.89
0.80
0.75
0.81
0.74
0.80
0.76
0.81
0.85
0.81
0.85
0.83
0.80
0.78
0.76
0.82
0.76
0.76
0.86
0.81
0.85
0.82
0.81
0.85
0.73
0.80
0.74
0.76
0.88
0.79
0.84
0.80
0.82
0.84
0.78
0.80
0.75
0.80
0.77
0.81
0.82
0.82
0.86
0.88
0.80
0.76
0.79
0.74
0.80
0.76
0.79
0.85
0.83
0.83
0.78
0.83
0.82
0.68
0.84
0.74
0.74
0.86
0.79
0.88
0.83
0.82
0.81
0.76
0.80
0.74
0.75
0.80
0.80
0.85
0.81
0.81
0.86
0.74
0.80
0.76
0.76
0.78
0.82
0.86
0.82
0.86
0.86
0.81
0.75
0.77
0.77
0.81
0.77
0.80
0.84
0.83
0.89
0.76
0.77
0.74
0.76
0.82
0.74
0.84
0.88
0.79
0.87
0.82
0.81
0.80
0.77
0.74
0.74
0.74
0.85
0.81
0.88
0.82
0.79
0.87
0.76
0.80
0.77
0.76
0.82
0.80
0.88
0.82
0.85
0.87
0.81
0.81
0.75
0.74
0.80
0.74
0.87
0.81
0.80
0.90
0.79
0.76
0.75
0.71
0.78
0.78
0.85
0.80
0.82
0.88
0.81
0.82
0.73
0.76
0.80
0.74
0.75
0.83
0.82
0.84
0.82
0.82
0.80
0.74
0.81
0.76
0.77
0.86
0.81
0.85
0.81
0.82
0.86
0.74
1.15
0.75
0.74
0.81
0.84
1.42
0.80
0.76
0.81
0.81
0.79
0.76
0.76
0.80
0.74
0.86
0.78
0.83
0.84
0.81
0.80
0.77
0.73
0.79
0.72
0.80
0.80
0.82
0.86
0.78
0.80
0.74
0.75
0.81
0.76
0.74
0.83
0.79
0.87
0.82
0.85
0.85
0.76
0.81
0.73
0.73
0.79
0.80
0.85
0.80
0.80
0.87
0.74
0.76
0.76
0.75
0.82
0.77
0.85
0.81
0.80
0.84
0.82
0.80
0.75
0.75
0.81
0.74
0.86
0.81
0.81
0.86
0.81
0.86
0.74
0.75
0.81
0.76
0.74
0.81
0.78
0.87
0.84
0.84
0.75
0.71
0.78
0.75
0.78
0.76
0.82
0.88
0.82
0.79
0.82
0.76
0.80
0.75
0.77
0.80
0.82
0.87
0.81
0.80
0.87
0.80
0.89
0.43
0.74
0.80
0.74
0.86
0.80
0.78
0.83
0.80
0.89
0.77
0.75
0.79
0.73
0.79
0.81
0.80
0.88
0.82
0.81
0.73
0.75
0.79
0.74
0.74
0.82
0.80
1.01
0.87
0.74
0.84
0.76
0.77
0.73
0.77
0.79
0.74
0.85
0.79
0.80
0.88
0.83
0.81
0.73
0.74
0.78
0.75
0.86
0.77
0.80
0.87
0.81
0.88
0.76
0.74
0.68
0.40
0.77
0.75
0.81
0.87
0.81
0.81
0.82
0.77
0.81
0.75
0.29
0.55
0.74
0.88
0.82
0.80
0.85
0.82
0.81
0.76
0.41
0.76
0.76
0.80
0.79
0.79
0.87
0.83
0.53
0.49
0.69
0.79
0.71
0.76
0.74
0.80
0.86
0.82
0.80
0.82
0.81
0.79
0.76
0.74
0.82
0.74
0.85
0.81
0.84
0.87
0.82
0.80
0.76
0.71
0.82
0.72
0.87
0.83
0.80
0.85
0.80
0.87
0.75
0.76
0.81
0.76
0.82
0.79
0.82
0.89
0.79
0.84
0.95
0.74
0.81
0.74
0.75
0.71
0.82
0.87
0.81
0.81
0.77
0.79
0.81
0.75
0.76
0.74
0.74
0.86
0.81
0.80
0.84
0.77
0.89
0.73
0.75
0.81
0.74
0.78
0.78
0.80
0.86
0.80
0.86
0.77
0.74
0.79
0.73
0.82
0.73
0.81
0.86
0.79
0.84
0.83
0.74
0.80
0.74
0.83
0.75
0.81
0.87
0.81
0.80
0.80
0.79
0.81
0.75
0.74
0.80
0.74
0.85
0.80
0.81
0.82
0.82
0.87
0.72
0.73
0.81
0.75
0.81
0.79
0.81
0.87
0.80
0.86
0.75
0.73
0.81
0.73
0.79
0.77
0.82
0.87
0.81
0.86
0.82
0.76
0.81
0.70
0.80
0.72
0.80
0.87
0.81
0.78
0.80
0.83
0.78
0.74
0.72
0.75
0.76
0.87
0.81
0.93
0.88
0.80
0.86
0.74
0.72
0.81
0.75
0.80
0.76
0.77
0.88
0.81
0.89
0.81
0.75
0.80
0.74
0.82
0.75
0.80
0.85
0.82
0.86
0.81
0.75
0.82
0.76
0.80
0.75
0.73
0.87
0.79
0.80
0.79
0.82
0.80
0.73
0.75
0.73
0.75
0.86
0.79
0.81
0.84
0.82
0.86
0.72
0.75
0.81
0.75
0.84
0.81
0.81
0.84
0.82
0.91
0.79
0.73
0.81
0.74
0.80
0.75
0.83
0.87
0.82
0.87
0.80
0.78
0.78
0.74
0.77
0.77
0.81
0.87
0.82
0.89
0.82
0.79
0.83
0.79
0.83
0.75
0.75
0.87
0.81
0.90
0.81
0.81
0.80
0.72
0.75
0.74
0.74
0.81
0.78
0.83
0.81
0.81
0.89
0.76
0.75
0.76
0.74
0.80
0.81
0.83
0.87
0.83
0.87
0.77
0.75
0.80
0.74
0.80
0.74
0.81
0.89
0.85
0.86
0.82
0.81
0.80
0.75
0.79
0.75
0.76
0.88
0.84
0.90
0.81
0.83
0.80
0.76
0.76
0.74
0.76
0.81
0.82
0.80
0.81
0.82
0.88
0.77
0.77
0.76
0.75
0.81
0.82
0.83
0.85
0.82
0.87
0.83
0.77
0.81
0.75
0.81
0.76
0.81
0.88
0.82
0.85
0.80
0.81
0.83
0.75
0.82
0.75
0.75
0.89
0.81
0.88
0.85
0.83
0.87
0.75
0.80
0.74
0.76
0.81
0.81
0.81
0.80
0.80
0.90
0.84
0.75
0.73
0.75
0.81
0.74
0.81
0.86
0.82
0.88
0.81
0.75
0.78
0.75
0.81
0.75
0.82
0.85
0.79
0.89
0.70
0.81
0.75
0.75
0.79
0.73
0.75
0.84
0.81
0.87
0.80
0.83
0.87
0.76
0.81
0.76
0.80
0.85
0.64
0.78
0.79
0.82
0.85
0.87
0.74
0.75
0.74
0.43
0.67
0.78
0.87
0.81
0.88
0.84
0.81
0.79
0.75
0.80
0.75
0.72
0.87
0.83
0.83
0.83
0.79
0.85
0.74
0.84
0.77
0.73
0.80
0.83
0.89
0.84
0.81
0.86
0.83
0.80
0.76
0.76
0.83
0.73
0.80
0.83
0.79
0.88
0.82
0.75
0.73
0.76
0.80
0.73
0.77
0.88
0.64
0.86
0.81
0.81
0.77
0.74
0.82
0.68
0.73
0.80
0.83
0.85
0.81
0.79
0.85
0.74
0.80
0.74
0.76
0.79
0.82
0.83
0.82
0.83
0.86
0.81
0.79
0.74
0.75
0.81
0.74
0.85
0.81
0.83
0.84
0.85
0.81
0.74
0.74
0.81
0.75
0.79
0.86
0.82
0.86
0.82
0.81
0.90
0.76
0.81
0.74
0.75
0.81
0.88
0.84
0.79
0.81
0.86
0.74
0.82
0.74
0.74
0.81
0.74
0.85
0.81
0.81
0.82
0.81
0.80
0.71
0.76
0.82
0.74
0.80
0.81
0.83
0.84
0.86
0.82
0.72
0.74
0.79
0.74
0.73
0.82
0.82
0.86
0.73
0.78
0.89
0.73
0.75
0.55
0.77
0.79
0.83
0.79
0.70
0.69
0.74
0.69
0.75
0.65
0.65
0.70
0.64
0.64
0.70
0.69
0.71
0.69
0.69
0.72
0.69
0.74
0.64
0.63
0.66
0.65
0.66
0.74
0.40
0.42
0.78
0.36
0.78
0.82
0.81
0.64
0.76
0.80
0.75
0.75
0.79
0.82
0.83
0.84
0.82
0.88
0.75
0.83
0.73
0.76
0.83
0.82
0.87
0.81
0.82
0.82
0.86
0.81
0.75
0.75
0.81
0.75
0.87
0.81
0.83
0.89
0.73
0.82
0.76
0.77
0.82
0.75
0.76
0.81
0.78
0.86
0.81
0.80
0.86
0.74
0.83
0.71
0.76
0.80
0.70
0.73
0.69
0.69
0.73
0.81
0.73
0.65
0.63
0.70
0.63
0.64
0.55
0.47
0.40
0.58
0.67
0.45
0.70
0.85
0.72
0.76
0.79
0.76
0.78
0.75
0.82
0.86
0.85
0.84
0.83
0.76
0.82
0.76
0.76
0.83
0.83
0.88
0.78
0.83
0.85
0.81
0.81
0.73
0.76
0.81
0.77
0.86
0.80
0.79
0.86
0.82
0.87
0.74
0.76
0.80
0.78
0.82
0.87
0.83
0.86
0.80
0.89
0.79
0.79
0.80
0.77
0.75
0.63
0.70
1.20
0.71
0.70
0.74
0.69
0.81
0.66
0.64
0.69
0.65
0.49
0.44
0.41
0.49
0.40
0.39
0.72
0.82
0.90
0.75
0.74
0.85
0.76
0.82
0.83
0.83
0.87
0.83
0.87
0.82
0.76
0.82
0.74
0.77
0.82
0.84
0.90
0.79
0.81
0.81
0.73
0.83
0.77
0.75
0.74
0.80
0.87
0.81
0.81
0.88
0.81
0.79
0.74
0.72
0.81
0.76
0.81
0.79
0.82
0.88
0.86
0.88
0.76
0.76
0.81
0.75
0.70
0.64
0.83
0.75
0.69
0.70
0.75
0.69
0.75
0.64
0.61
0.68
0.63
0.71
0.66
0.84
0.75
0.70
0.69
0.71
0.70
0.69
0.65
0.64
0.69
0.66
0.70
0.51
0.73
0.46
0.80
0.47
0.44
0.79
0.80
0.75
0.76
0.84
0.75
0.86
0.80
0.79
0.86
0.80
0.84
0.74
0.75
0.81
0.73
0.83
0.83
0.81
0.88
0.78
0.88
0.81
0.73
0.76
0.74
0.82
0.75
0.55
0.80
0.79
0.79
0.82
0.81
0.81
0.69
0.75
0.75
0.77
0.87
0.82
0.84
0.87
0.81
0.88
0.75
0.76
0.84
0.78
0.81
0.81
0.81
0.89
0.79
0.84
0.69
0.65
0.68
0.64
0.64
0.65
0.65
0.72
0.70
0.73
0.76
0.71
0.73
0.42
0.34
0.60
0.50
0.39
0.52
0.72
0.79
0.92
0.85
0.88
0.83
0.85
0.79
0.77
0.82
0.77
0.80
0.78
0.81
0.88
0.83
0.87
0.81
0.73
0.80
0.74
0.81
0.76
0.79
0.88
0.82
0.87
0.85
0.85
0.80
0.74
0.75
0.73
0.74
0.90
0.80
0.82
0.83
0.84
0.89
0.75
0.76
0.82
0.75
0.82
0.85
0.84
0.89
0.81
0.89
0.80
0.75
0.78
0.64
0.70
0.64
0.75
0.74
0.71
0.70
0.69
0.69
0.74
0.64
0.66
0.62
0.33
0.42
0.45
0.41
0.48
0.71
0.84
0.88
0.93
0.87
0.74
0.77
0.80
0.75
0.80
0.76
0.80
0.88
0.81
0.86
0.77
0.73
0.81
0.75
0.80
0.73
0.82
0.88
0.83
0.85
0.84
0.83
0.83
0.74
0.81
0.77
0.74
0.82
0.80
0.81
0.83
0.82
0.87
0.71
0.75
0.78
0.75
0.81
0.80
0.79
0.87
0.82
0.87
0.84
0.78
0.79
0.64
0.68
0.76
0.70
0.75
0.70
0.76
0.71
0.67
0.72
0.65
0.70
0.62
0.69
0.74
0.76
0.75
0.74
0.65
0.73
0.66
0.70
0.67
0.69
0.77
0.73
0.85
0.70
0.65
0.67
0.66
0.71
0.63
0.70
0.76
0.69
0.78
0.67
0.61
0.78
0.66
0.72
0.63
0.71
0.81
0.69
0.78
0.76
0.63
0.65
0.62
0.73
0.73
0.76
0.71
0.70
0.82
0.70
0.66
0.62
0.60
0.66
0.70
0.70
0.71
0.70
0.75
0.65
0.69
0.61
0.66
0.68
0.73
