988.5
989.3
989.9
986.1
987.5
987.3
993.2
993.1
993.3
993.1
993.5
993.3
993.4
993.5
993.3
993.3
993.9
993.5
993.4
993.4
993.4
993.2
993.2
993.3
997.6
1003
1003
1004
1004
1004
1005
1004
1004
1004
1012
1003
1003
1003
1003
1003
1003
1003
1003
1003
1003
1003
1003
1003
1003
1003
1003
1003
1003
1003
1003
1003
1003
1003
1003
1003
1003
1003
1003
1003
1003
1003
1003
1003
1003
1003
1003
1003
1003
1003
1003
1003
1003
1003
1003
1003
1003
1003
1003
1003
1003
1003
1003
1003
1003
1003
1003
1003
1003
1003
1003
1003
1003
1003
1003
1003
1003
1003
1003
1003
1003
1004
1003
1003
1003
1003
1003
1003
1003
1003
1003
1003
1003
1004
1003
1003
1003
