107.72
101.05
111.46
100.11
108.88
100.09
100.08
100.56
111.41
99.90
108.19
100.44
109.09
100.97
108.84
100.41
99.63
99.81
107.37
108.06
100.45
99.70
108.18
108.43
100.01
99.93
100.01
109.06
108.66
100.05
108.90
107.77
99.55
100.17
100.04
101.00
108.69
100.30
99.87
99.65
108.73
108.45
95.74
99.87
100.25
100.91
108.76
100.71
108.28
107.83
99.97
108.46
108.05
100.96
108.30
100.42
100.54
108.01
108.10
100.23
107.99
99.86
100.50
107.50
107.24
106.52
100.20
99.81
108.17
99.47
107.89
100.91
99.54
108.23
107.62
99.66
100.58
99.62
108.28
108.59
99.96
100.58
99.80
107.62
107.89
100.14
100.83
99.88
108.02
106.99
100.12
100.47
99.76
107.99
107.33
100.12
107.40
100.81
99.81
100.12
108.26
99.77
99.92
100.93
108.03
100.96
100.78
108.33
99.74
108.17
107.62
108.37
99.85
100.39
99.63
108.31
99.89
99.90
108.66
99.97
99.95
107.90
99.85
100.14
107.94
100.49
108.02
99.87
100.19
108.74
108.36
100.50
107.91
101.00
108.12
106.99
100.14
100.05
108.07
99.84
100.58
100.94
100.29
109.89
99.90
99.63
100.45
100.01
107.15
107.18
108.35
99.95
107.94
108.24
100.36
99.58
99.54
108.10
108.68
108.17
100.74
100.28
107.92
107.94
108.10
108.53
99.92
101.21
107.68
110.69
108.48
99.55
99.97
99.87
100.41
107.49
101.00
99.97
108.27
107.89
107.83
99.92
99.76
100.87
107.95
108.06
108.75
99.79
100.74
99.96
99.69
108.40
99.91
110.12
99.75
100.72
100.11
99.84
108.11
108.49
110.46
100.66
110.01
99.87
100.18
111.59
100.46
99.54
110.16
100.48
111.77
108.32
99.69
99.79
99.81
99.63
108.32
108.79
99.73
100.07
101.12
100.25
108.69
107.40
99.76
100.20
100.87
100.24
99.81
99.62
100.19
108.55
115.81
108.16
99.77
99.67
100.46
107.76
109.03
99.78
99.63
99.98
100.26
108.31
109.04
108.46
99.42
100.13
100.61
99.90
108.10
109.65
99.96
100.45
108.67
110.13
99.97
100.91
107.99
107.57
100.72
100.03
108.06
108.86
110.14
100.15
99.79
99.58
109.27
99.89
99.11
100.44
99.73
108.44
107.69
99.76
99.71
99.76
109.07
108.02
99.99
100.32
99.93
109.57
100.06
108.65
100.00
99.84
107.63
108.35
107.85
108.92
99.76
101.00
109.05
100.07
100.25
109.00
109.41
109.63
99.60
100.72
107.94
107.97
108.06
100.15
99.68
108.76
108.02
107.30
99.94
99.82
100.34
99.59
107.98
108.15
107.41
99.64
99.93
109.34
100.40
100.05
100.33
108.29
108.52
100.04
100.63
108.99
100.85
108.17
99.83
0.73
