0.75
0.75
0.70
0.70
0.77
0.68
0.69
0.71
0.68
0.70
0.69
0.68
0.70
0.70
0.68
0.68
0.77
0.75
0.75
0.76
0.79
0.71
0.73
0.70
0.70
0.71
0.69
0.70
0.78
0.73
0.73
0.71
0.76
0.75
0.70
0.70
0.75
0.78
0.77
0.56
0.77
0.78
0.75
0.69
0.70
0.72
0.70
0.69
0.77
0.76
0.78
0.78
1.35
0.71
0.70
0.71
0.77
0.70
0.69
0.69
0.73
0.71
0.65
0.71
0.68
0.73
0.69
0.69
0.71
0.70
0.69
0.69
0.70
0.69
0.79
0.68
0.69
0.68
0.67
0.71
0.71
0.67
0.70
0.72
0.67
0.69
0.68
0.71
0.71
0.68
0.70
0.67
0.71
0.69
0.69
0.71
1.02
0.69
1.25
0.68
0.68
0.70
0.69
0.69
0.72
0.75
0.75
0.74
0.74
0.72
0.71
0.72
0.70
1.46
0.71
0.70
0.69
0.68
0.72
0.72
0.70
0.72
0.70
0.69
0.73
0.71
0.73
0.69
0.71
0.71
1.64
0.69
0.72
0.70
0.97
0.71
0.70
0.70
0.72
0.71
0.78
0.72
0.73
0.70
0.77
0.76
1.10
0.73
0.72
0.75
0.69
0.69
0.76
0.73
0.78
0.78
0.76
0.76
0.83
0.74
0.84
1.80
0.78
0.77
0.75
0.78
0.79
0.76
0.77
0.75
0.78
0.77
0.77
0.76
1.46
0.75
0.90
0.75
0.76
0.76
0.78
0.74
0.78
0.75
0.78
0.76
0.76
0.78
0.73
0.79
0.80
0.73
0.77
0.77
0.78
0.77
0.76
0.76
0.77
0.77
1.49
0.73
0.74
0.78
0.76
0.76
0.77
0.74
0.76
0.76
0.95
0.78
0.73
0.78
0.78
0.79
0.74
0.83
0.75
0.81
0.78
0.75
0.76
0.74
0.75
0.97
0.82
0.75
0.78
0.76
0.80
0.76
0.74
0.75
0.78
0.78
0.75
0.77
0.77
0.76
0.76
0.77
0.77
0.76
0.77
0.79
0.75
0.78
0.75
0.76
0.99
0.78
0.77
1.47
0.76
0.78
0.75
0.74
1.08
0.74
0.76
0.77
1.11
0.74
0.77
0.78
1.17
0.84
0.79
0.76
0.78
0.76
0.76
0.74
1.00
0.74
0.98
0.78
0.76
0.73
0.48
0.77
0.74
0.78
0.76
0.76
0.75
0.76
0.77
0.73
0.77
0.76
1.10
0.76
0.79
0.75
0.76
0.76
0.78
1.52
0.76
0.77
0.75
0.76
0.75
0.74
0.79
0.74
0.46
0.76
0.94
0.74
0.78
0.75
0.77
0.78
0.76
0.76
0.75
0.73
0.75
0.74
0.84
0.78
0.78
1.53
0.76
0.76
0.99
0.77
0.46
0.73
0.77
0.78
0.76
0.74
0.76
0.76
0.74
0.78
0.73
0.73
0.78
0.77
1.44
0.75
1.15
0.77
0.76
0.76
0.75
0.76
0.75
0.77
0.78
0.76
0.78
0.77
0.76
0.75
0.76
0.80
0.76
0.74
1.77
0.76
0.76
0.74
0.77
0.76
0.75
0.74
0.76
0.75
0.66
0.76
0.74
1.50
0.73
0.78
0.76
0.74
0.76
0.77
0.77
0.75
0.76
0.62
0.74
0.76
0.79
0.77
0.74
0.73
0.76
0.78
0.76
0.77
0.75
0.75
0.61
0.76
0.77
1.78
0.75
0.75
0.79
0.76
0.77
0.74
0.78
0.72
0.74
0.77
0.43
0.73
1.47
0.76
0.75
0.75
0.77
0.43
0.97
0.77
0.76
0.73
0.68
0.74
0.76
1.49
0.75
0.77
0.74
0.78
0.75
0.73
0.77
0.76
0.75
0.74
0.79
0.78
1.15
0.77
0.75
0.74
0.80
0.76
0.76
0.76
0.59
0.74
0.76
0.74
0.75
0.78
0.75
0.73
0.74
0.75
0.77
0.74
0.75
0.78
0.74
0.71
0.75
0.74
1.53
0.75
0.79
0.75
0.70
0.75
0.73
1.47
0.79
0.73
0.80
0.77
0.76
0.78
0.76
0.74
0.78
0.76
0.76
0.78
0.76
0.75
0.76
0.76
0.77
0.76
1.53
0.74
0.74
0.73
0.78
0.79
0.76
0.76
0.74
0.76
0.82
0.75
0.77
1.49
0.78
0.79
0.79
0.75
0.78
1.00
0.76
0.76
0.74
0.75
0.78
0.75
1.49
0.75
0.78
1.52
0.74
0.73
0.82
0.76
0.73
0.77
0.87
0.74
0.79
0.75
0.74
0.75
0.77
0.76
0.74
0.76
0.76
0.79
0.78
0.77
0.74
0.79
0.78
0.76
0.76
0.71
0.77
0.77
1.58
0.78
0.76
0.76
0.78
0.77
0.74
0.76
0.74
0.75
0.75
0.76
0.73
0.76
0.76
0.76
0.77
0.77
0.78
1.14
0.78
0.73
0.73
0.75
0.75
0.77
0.76
0.74
0.78
1.09
0.76
0.75
1.62
0.77
0.77
0.57
0.77
0.78
0.78
0.74
0.77
0.76
0.75
0.75
0.78
0.75
0.73
0.77
0.74
0.78
0.78
0.79
0.76
0.79
0.76
0.79
0.76
0.76
0.75
0.78
0.77
0.76
0.84
0.79
0.73
1.56
0.76
0.75
0.79
0.75
0.75
0.77
0.75
0.74
0.75
0.76
0.77
0.76
1.45
0.74
0.78
0.73
0.76
0.73
0.76
0.75
0.75
0.75
0.72
0.75
0.78
1.49
0.75
0.75
0.73
0.73
0.78
0.76
0.73
0.73
0.78
0.61
0.78
0.77
1.45
1.09
0.76
0.76
0.76
0.75
0.73
0.78
0.75
0.76
0.75
0.74
0.78
1.08
0.57
0.76
0.77
0.77
0.76
1.50
0.78
0.45
0.79
0.77
0.77
0.75
1.28
0.76
0.76
0.79
0.74
0.77
0.77
0.75
0.75
0.76
0.73
0.75
0.77
0.77
0.75
0.78
0.76
0.76
0.78
0.77
0.76
0.74
0.80
0.79
0.74
0.79
0.76
0.73
0.79
0.80
0.76
0.75
1.11
0.76
0.75
0.74
0.79
0.77
1.07
0.74
0.75
0.78
0.76
0.78
0.74
0.75
0.76
0.74
0.96
0.77
0.76
0.76
0.77
0.75
0.73
0.76
0.78
0.77
0.73
0.78
0.77
0.79
0.77
0.74
0.76
0.78
0.78
0.77
0.78
0.76
0.77
1.08
0.78
0.75
0.77
0.74
0.77
1.57
0.76
0.74
0.74
0.76
0.76
0.73
0.76
0.76
0.77
0.80
0.76
0.76
0.87
0.79
0.75
0.75
0.79
1.00
0.76
0.76
0.76
0.77
0.79
0.74
0.76
0.81
0.78
0.74
0.78
0.77
0.77
0.75
1.34
0.74
0.72
0.78
0.75
0.75
0.76
0.96
0.77
0.78
0.97
1.10
0.75
0.75
0.73
0.78
0.77
0.73
0.74
0.74
0.75
0.74
0.75
0.75
0.78
0.76
1.41
0.69
0.77
0.76
0.78
0.76
0.79
0.74
0.77
0.75
0.81
0.76
0.77
1.52
0.76
0.77
0.76
0.66
0.74
0.74
0.79
0.73
0.73
0.74
0.62
0.76
1.47
0.76
0.76
0.75
0.75
0.78
0.75
0.76
0.76
0.78
0.76
0.77
0.98
0.75
0.78
0.76
0.75
0.74
0.79
0.76
0.75
0.77
0.77
0.77
0.78
0.76
1.46
0.75
0.75
0.76
0.73
0.76
0.75
0.51
0.74
0.74
0.81
0.75
0.78
0.77
0.75
0.77
0.82
0.77
0.48
0.77
0.77
0.74
0.74
0.77
0.77
0.74
1.47
0.75
0.79
0.78
0.75
0.74
0.74
0.75
0.77
0.76
0.73
0.76
0.76
0.76
0.76
0.77
0.74
0.78
0.76
0.76
0.75
0.77
0.77
0.75
0.74
0.76
0.75
0.77
0.78
0.68
0.77
0.76
1.53
0.79
0.75
0.77
0.77
0.76
0.77
0.74
0.75
0.76
0.65
0.77
0.76
1.10
0.77
0.76
0.74
0.78
0.76
0.76
0.79
0.76
0.78
0.84
0.75
0.75
0.78
0.76
0.77
1.00
0.74
0.73
0.77
0.75
0.77
0.74
0.74
0.76
0.75
0.78
0.78
0.78
0.75
0.75
0.77
0.75
0.79
0.73
0.78
0.80
0.75
0.75
1.07
0.77
0.74
0.76
0.78
0.75
0.76
0.74
0.78
0.78
0.81
0.76
0.76
1.52
0.74
0.77
0.75
0.74
0.52
0.76
0.74
0.78
0.79
0.77
0.76
0.73
1.49
0.77
0.76
0.76
0.76
0.76
0.68
1.46
0.47
0.76
0.76
0.76
0.79
0.78
0.73
0.76
0.76
0.65
0.75
0.76
1.24
0.75
0.79
0.75
0.74
0.77
0.78
0.73
0.78
0.74
0.76
0.76
0.75
1.50
0.76
0.76
0.80
0.77
0.75
0.77
0.73
0.78
0.76
0.75
0.77
0.89
0.74
0.76
0.76
0.76
0.73
0.74
1.52
0.74
0.77
0.44
0.79
0.75
0.75
0.74
0.76
0.77
0.74
0.74
0.77
0.76
0.75
0.76
0.78
0.80
0.76
0.75
1.47
0.76
1.05
0.76
0.76
0.78
0.79
0.76
0.75
0.77
0.78
0.79
0.76
0.78
0.77
0.74
0.76
0.75
0.79
1.52
0.65
0.78
0.76
0.76
0.74
0.77
0.78
0.76
0.75
0.78
0.81
1.02
1.52
0.78
0.74
0.76
0.78
0.79
0.77
0.75
0.78
0.76
0.80
0.79
0.76
0.75
0.78
0.77
0.76
0.76
0.74
0.73
0.78
0.78
0.74
0.73
0.76
0.79
1.24
0.78
0.78
0.91
0.76
0.98
0.79
0.76
0.76
0.76
0.78
0.79
0.78
0.76
0.76
0.77
0.79
0.77
0.74
0.79
0.74
0.78
0.76
0.74
0.78
0.78
0.73
0.78
0.74
0.76
0.76
0.73
0.79
0.75
0.77
0.80
0.76
0.78
0.77
0.76
0.77
0.76
0.79
0.74
0.75
0.74
0.79
0.75
0.77
0.76
0.81
1.48
0.78
0.80
0.77
0.80
0.80
0.78
0.75
0.77
0.75
0.79
0.77
0.76
1.48
0.75
0.79
0.76
0.93
0.77
0.75
0.78
0.79
0.79
0.78
0.78
0.76
0.74
0.79
0.77
0.79
0.78
0.74
1.53
0.76
0.76
0.76
0.74
0.76
0.76
0.74
0.77
0.78
1.01
0.75
0.79
0.79
0.76
0.77
0.78
0.84
0.76
0.76
0.76
0.75
0.80
0.74
0.75
0.75
0.75
0.72
0.75
0.96
0.79
0.76
0.76
0.76
0.76
0.77
0.77
0.75
0.76
1.46
0.75
0.78
0.85
0.74
0.75
1.46
0.76
0.76
0.79
0.80
0.76
0.76
0.77
0.77
0.76
0.79
0.76
0.78
0.74
0.75
0.73
0.77
0.76
0.73
0.76
0.77
0.74
0.79
0.79
0.76
0.75
0.75
0.79
0.75
0.76
0.74
0.79
0.75
0.79
0.76
1.02
0.77
1.01
0.69
0.78
0.78
0.77
0.75
0.79
0.78
0.76
0.74
0.76
0.76
0.71
0.75
0.74
0.75
0.78
0.76
0.74
0.75
0.75
0.75
0.78
0.76
0.73
0.76
0.76
0.76
0.77
0.78
0.44
0.76
0.85
0.74
0.78
1.43
0.75
0.79
0.80
0.78
0.75
0.79
0.74
0.74
0.77
0.75
0.75
0.74
0.76
0.78
0.74
0.77
0.73
0.76
0.78
0.73
0.42
0.42
0.79
0.73
0.75
0.76
0.79
0.78
0.80
0.83
0.75
0.79
0.71
0.87
0.75
0.76
0.78
1.01
0.78
0.63
0.77
0.75
0.68
0.75
0.78
0.77
0.75
0.78
0.77
0.75
0.71
0.69
0.73
0.75
0.76
0.79
0.74
0.77
0.77
1.51
0.76
0.75
0.79
0.76
0.77
0.76
0.76
0.77
0.74
1.00
0.39
0.74
1.44
0.76
0.73
0.77
0.76
0.76
0.76
0.76
0.75
0.76
0.76
0.73
0.75
0.75
0.86
0.75
0.78
0.75
0.78
0.75
0.78
0.74
0.79
0.56
0.77
0.75
1.49
0.76
0.77
0.74
0.83
0.78
1.15
1.33
0.76
0.73
0.80
0.78
0.73
0.76
0.75
0.73
0.74
0.76
0.76
0.77
1.23
0.73
0.78
0.81
0.78
0.78
0.78
0.76
0.78
0.77
0.79
0.74
0.73
0.77
0.74
0.74
0.75
0.75
0.78
0.76
0.78
1.04
0.73
0.54
0.77
0.77
1.49
0.79
0.78
0.79
0.79
0.78
0.73
0.77
0.78
0.76
0.80
0.74
0.75
1.50
0.74
0.79
0.76
0.76
0.40
0.76
0.75
0.78
0.76
0.75
0.73
0.77
1.39
0.74
0.76
0.82
0.77
0.74
0.74
0.78
0.77
0.78
0.77
0.78
0.77
0.76
0.78
0.75
0.81
0.75
0.76
0.76
0.75
0.73
0.79
1.08
0.76
0.76
0.81
0.73
0.77
0.75
0.73
0.79
0.79
0.79
0.76
0.77
0.80
0.74
0.79
1.51
0.77
0.77
0.77
0.79
0.76
0.75
0.75
0.74
0.76
0.81
0.76
0.73
1.50
0.75
0.79
0.75
0.76
0.76
0.75
0.73
0.76
0.75
0.70
0.76
0.73
0.78
0.77
0.76
0.75
0.78
0.76
0.75
0.88
0.81
0.74
0.87
0.75
0.76
1.52
0.62
0.76
0.76
0.77
0.77
0.78
0.75
0.76
0.78
0.81
0.76
0.78
0.76
0.74
0.77
0.75
0.75
0.77
0.77
0.76
0.76
0.76
0.76
0.74
0.76
0.77
0.78
0.79
0.74
0.76
0.81
0.75
0.79
0.77
0.76
0.76
0.74
0.76
0.79
0.76
0.76
0.74
0.76
0.75
1.53
0.76
0.76
0.74
0.79
0.78
0.76
0.74
0.76
0.75
0.83
0.76
0.73
1.51
0.75
0.78
0.76
0.79
0.79
0.74
0.75
0.76
1.00
1.05
0.74
0.76
1.49
0.73
0.75
0.61
0.73
0.76
0.76
0.76
0.74
0.77
0.82
0.76
0.73
0.79
0.76
0.74
0.73
0.77
0.77
0.76
0.74
0.77
0.74
0.95
0.76
0.75
1.50
0.76
0.77
0.78
0.74
0.77
0.74
0.77
0.76
0.74
0.77
0.76
0.76
0.79
0.76
0.73
0.75
0.79
0.77
0.82
0.78
1.05
0.77
0.77
0.76
0.76
1.57
0.79
0.75
0.77
0.76
0.74
0.76
0.77
0.74
0.74
0.80
0.77
0.74
0.75
0.77
0.74
0.77
0.74
0.76
0.75
0.74
0.78
0.75
0.83
0.78
0.77
0.77
0.77
0.76
0.76
0.76
0.76
0.74
0.75
0.67
0.74
0.72
0.76
0.77
1.46
0.73
0.79
0.73
0.78
0.76
0.78
0.76
0.75
0.73
0.78
0.76
0.74
1.42
0.71
0.74
0.76
0.76
0.77
0.75
1.52
0.76
0.74
0.77
0.78
0.74
0.78
0.75
0.73
0.75
0.76
0.73
0.76
0.76
0.73
0.74
0.79
0.75
0.74
0.76
0.78
0.76
0.76
0.78
0.74
0.74
0.75
0.79
0.75
0.75
1.03
0.75
0.52
1.11
0.77
0.75
0.76
0.76
0.75
0.76
0.74
0.78
0.78
0.87
0.75
0.78
0.78
0.77
0.78
0.90
0.75
0.74
0.78
0.75
0.79
0.76
0.77
0.76
0.74
1.47
0.73
0.75
0.79
0.76
0.75
0.77
0.79
0.76
0.78
0.75
0.76
0.78
1.48
0.73
0.76
0.76
0.76
0.76
0.73
0.78
0.74
0.73
0.73
0.76
0.76
0.76
0.78
0.78
0.75
0.78
0.76
0.75
0.76
0.78
0.78
0.77
0.75
0.76
0.75
0.76
0.76
0.74
0.75
0.94
0.78
0.76
0.76
0.74
0.73
0.77
0.74
0.76
0.75
0.76
0.74
0.75
0.72
0.75
1.47
0.75
0.75
0.75
0.77
0.67
0.78
0.77
0.77
0.76
0.86
0.79
0.74
0.80
0.75
0.77
0.78
0.77
0.79
0.72
0.79
0.51
0.77
0.90
0.71
0.75
1.50
0.76
0.70
0.73
0.78
0.71
0.69
0.70
0.71
0.73
0.70
0.70
0.77
0.68
0.70
0.70
0.73
0.72
0.72
0.69
1.03
0.70
0.69
0.70
0.71
0.75
0.73
0.45
0.44
0.75
0.40
0.43
0.79
0.75
0.68
0.61
0.82
0.75
0.77
1.16
0.76
0.77
0.78
0.77
0.75
0.77
0.75
0.78
0.76
0.75
0.75
0.76
0.76
0.79
0.78
0.78
0.76
0.74
0.78
1.10
0.76
0.77
0.77
0.77
0.76
0.79
1.45
0.78
0.74
0.76
0.75
0.79
0.74
0.74
0.74
0.76
1.00
0.72
0.77
0.77
0.76
0.77
0.76
0.71
0.70
0.70
0.70
0.70
0.76
0.48
0.68
0.75
0.70
0.72
0.68
0.45
0.71
0.46
0.47
0.45
0.54
0.70
0.78
0.79
0.76
0.79
0.77
0.78
0.76
0.74
0.77
0.75
0.78
0.74
0.77
0.73
1.44
0.76
0.77
0.79
0.75
0.75
0.79
0.77
0.74
0.73
0.79
0.74
0.78
1.53
0.74
0.76
0.75
0.77
0.77
0.78
0.76
0.76
0.76
1.68
0.76
0.76
0.74
0.76
0.76
0.79
0.81
0.74
0.75
1.15
0.77
0.72
0.70
0.72
0.72
0.69
0.71
0.71
0.76
0.70
0.72
0.71
0.70
0.81
0.53
0.46
0.36
0.46
0.48
0.77
0.74
0.78
1.16
0.79
0.74
0.79
0.78
0.76
0.75
0.76
0.79
0.79
0.80
0.78
0.77
1.60
0.75
0.78
0.75
0.78
0.76
0.76
0.75
0.80
0.78
0.83
0.74
0.76
0.76
0.79
0.76
0.79
0.75
0.78
0.78
1.44
0.79
0.76
0.75
0.74
0.77
0.77
0.48
0.75
0.79
0.76
0.77
0.77
0.77
0.70
0.72
0.75
0.71
0.71
0.69
0.69
1.45
0.71
0.37
0.70
0.73
0.69
0.71
0.69
1.60
0.71
0.71
0.70
0.72
0.72
0.70
0.70
1.25
0.68
0.72
0.50
0.78
0.45
0.45
0.76
0.47
0.45
0.76
0.76
0.71
0.78
0.74
1.30
0.79
0.76
0.78
0.77
0.74
0.80
0.76
0.75
0.76
0.78
0.77
0.75
1.48
0.75
0.76
0.74
0.76
0.79
0.75
0.57
0.75
0.72
0.71
0.71
0.76
0.74
0.68
0.60
0.78
0.78
0.76
0.75
1.25
0.76
0.76
0.77
0.79
0.74
0.77
0.74
0.76
0.77
0.76
0.73
0.75
0.78
0.77
0.77
0.76
0.70
0.69
0.70
0.70
0.71
0.70
0.70
0.70
0.72
0.83
0.50
0.72
0.68
0.47
0.46
0.70
0.43
0.47
0.45
0.74
0.78
0.75
0.73
0.75
0.73
0.76
0.76
0.75
0.76
0.77
0.78
0.77
0.79
0.77
0.76
0.75
0.75
0.77
0.76
0.74
0.77
0.78
0.74
0.77
0.74
0.76
0.78
0.76
0.57
0.74
0.76
0.75
0.73
0.75
0.73
0.77
0.69
0.77
0.73
1.48
0.73
0.79
0.76
0.78
0.78
0.78
0.75
0.77
0.75
0.74
0.78
0.75
0.70
0.72
0.73
0.76
0.69
0.69
0.70
0.70
0.86
0.68
0.72
0.70
1.51
0.45
0.46
0.76
0.47
0.47
0.70
0.78
0.78
0.75
0.75
0.75
0.76
0.75
0.78
0.77
0.76
0.77
0.79
0.78
0.78
0.76
0.74
0.74
0.76
1.49
0.76
0.76
0.76
0.47
0.76
0.77
0.78
0.77
0.79
0.78
0.76
0.76
0.76
0.76
0.80
0.77
0.82
0.81
0.79
1.08
0.74
0.75
0.79
0.74
0.74
0.75
0.74
0.75
0.73
0.63
0.74
0.68
0.71
0.75
0.78
0.81
0.79
0.84
0.55
0.82
0.81
0.83
0.82
0.78
0.80
0.79
0.79
0.79
0.81
0.38
0.85
0.77
0.84
0.79
0.81
0.75
1.55
0.81
0.75
0.80
0.80
0.80
0.79
0.83
0.83
0.83
0.79
0.83
0.77
0.84
0.82
0.58
0.81
0.81
0.79
0.81
0.83
0.80
0.65
0.78
0.45
0.80
0.82
0.81
0.85
1.56
0.80
0.80
0.80
0.78
0.80
0.80
0.78
0.80
0.83
0.82
0.83
0.83
0.82
0.81
0.84
0.81
0.82
0.83
