0.75
0.73
0.76
1.10
0.69
0.69
0.73
0.72
0.75
0.69
0.71
0.71
0.72
0.68
0.68
0.26
0.69
0.73
1.00
0.69
0.68
0.71
0.69
0.35
0.69
0.72
0.70
0.71
0.71
0.70
1.44
0.33
0.69
0.85
0.70
0.68
0.69
0.71
0.70
1.34
0.67
0.71
0.69
0.72
0.69
0.71
0.71
0.68
0.68
0.27
0.79
0.70
0.71
0.70
0.70
0.70
0.71
0.78
0.71
0.72
0.76
0.57
0.74
0.76
0.77
0.70
0.72
0.72
0.71
0.71
0.76
0.70
0.72
0.70
0.72
0.72
0.72
0.69
0.72
0.73
0.74
0.71
0.72
0.72
0.69
0.72
0.70
0.71
0.70
0.69
0.77
0.78
0.75
0.70
0.69
0.70
0.75
0.71
0.73
0.71
0.71
0.77
0.72
0.77
0.74
0.77
1.68
0.75
0.75
0.78
0.79
0.76
0.76
0.76
0.75
0.79
0.79
0.76
0.73
1.48
0.75
0.76
0.73
0.74
0.74
0.75
0.75
0.78
0.76
0.68
0.78
0.74
0.77
0.78
0.74
0.74
0.73
0.76
0.79
0.76
0.77
0.76
0.87
0.76
1.18
1.52
0.75
0.79
0.76
0.79
0.73
0.75
0.77
0.75
0.76
0.77
0.76
0.76
0.77
0.77
0.76
0.74
0.76
0.74
0.79
0.77
0.77
0.76
0.48
0.79
0.75
0.76
0.76
0.77
0.82
0.78
0.76
0.75
0.75
0.76
0.74
0.78
0.76
0.75
0.77
1.54
0.75
0.77
0.77
0.76
0.76
0.78
0.76
0.75
0.77
0.70
0.74
0.75
0.79
0.77
0.76
0.76
0.77
0.75
0.75
0.78
0.79
0.76
0.78
0.78
0.78
0.91
0.76
0.75
0.76
0.76
0.76
0.75
1.11
0.80
0.76
0.78
0.74
0.74
0.77
0.78
0.78
0.76
0.63
0.77
0.75
1.56
0.73
0.76
0.75
0.76
0.74
0.75
0.75
0.75
0.77
0.88
0.73
0.76
1.79
0.75
0.74
0.78
0.78
0.73
0.76
0.75
0.78
0.74
0.90
0.73
0.79
0.75
0.74
0.80
0.77
0.75
0.76
0.79
0.77
0.77
0.77
0.75
0.79
0.74
0.79
0.77
0.78
0.77
0.77
0.60
0.76
0.73
0.73
0.75
0.77
0.75
0.73
1.56
0.78
0.89
0.77
0.77
0.79
0.75
0.76
0.73
0.79
0.80
0.76
0.75
0.80
0.79
0.76
0.74
0.77
0.78
0.79
0.76
0.75
0.77
0.78
0.73
0.76
1.06
0.76
0.79
0.76
0.76
0.77
0.77
0.78
0.75
0.75
0.77
0.73
0.43
0.76
0.78
0.76
0.75
0.76
0.76
0.78
0.74
0.78
0.77
1.06
0.78
0.87
0.77
0.76
0.75
0.75
0.78
0.76
0.78
1.46
0.78
0.77
0.75
0.79
0.75
0.74
0.75
0.76
0.77
0.76
0.75
1.48
0.77
0.78
0.74
0.77
1.10
0.75
0.79
0.74
0.75
0.77
0.79
0.76
0.79
0.77
0.65
0.78
0.81
0.77
0.76
0.74
0.75
0.77
0.79
0.76
0.78
0.76
0.77
0.77
0.74
0.76
0.73
0.74
0.77
0.73
0.73
0.78
0.75
0.75
0.73
1.32
0.74
0.74
0.77
0.75
0.77
0.74
0.77
0.73
0.76
0.97
0.76
0.78
1.50
0.76
0.76
0.76
0.76
0.77
0.78
0.77
0.73
0.79
0.81
0.75
0.78
0.78
0.79
0.78
0.78
0.78
0.74
0.76
0.80
0.76
0.78
0.79
0.74
0.79
1.54
0.77
0.79
0.63
0.78
0.78
0.77
0.76
0.77
0.77
0.77
0.76
0.74
0.77
0.76
0.78
0.94
0.74
0.74
0.79
0.91
0.76
0.76
0.74
0.76
0.77
0.78
0.76
0.71
0.76
0.78
0.76
0.78
0.76
0.77
0.78
0.81
0.75
0.79
0.75
0.75
0.75
0.80
0.78
0.76
0.75
0.75
0.76
0.77
0.76
0.78
0.76
1.50
0.76
0.76
0.78
0.75
0.78
0.77
0.78
0.74
0.78
0.76
0.76
0.75
0.75
0.74
0.79
0.85
0.73
0.74
0.78
0.78
0.77
0.73
0.75
0.74
0.78
0.76
0.80
0.77
0.74
0.78
0.76
0.76
0.94
0.74
0.80
0.78
0.75
1.09
0.74
0.79
0.77
0.72
0.73
0.78
0.77
0.78
0.75
0.76
0.78
0.77
0.78
0.76
0.75
0.75
0.77
0.76
0.73
0.79
0.77
0.76
0.78
0.75
0.78
1.54
0.76
0.74
0.76
0.77
0.74
0.73
0.78
0.74
0.74
0.76
0.74
0.76
0.78
1.04
0.76
0.73
0.73
0.75
0.76
0.75
0.75
0.75
0.96
0.76
0.76
0.77
0.77
0.74
0.79
0.77
0.73
0.77
0.78
0.78
0.73
1.01
0.76
0.76
1.13
1.06
0.78
0.74
0.76
0.73
0.76
0.78
0.78
0.78
0.66
0.76
0.72
0.75
0.76
0.77
0.76
0.76
0.75
0.77
0.76
1.11
0.79
0.73
0.77
0.78
1.52
0.76
0.77
0.76
0.79
0.77
0.73
0.76
0.78
0.76
0.80
0.76
0.77
0.76
0.76
0.80
0.76
0.75
0.76
0.97
0.77
0.75
0.76
0.75
0.78
0.74
1.57
0.73
0.76
0.77
0.78
0.78
0.76
0.76
0.76
0.76
0.75
0.77
0.75
1.47
0.76
0.77
0.74
0.93
0.78
0.74
0.79
0.79
0.74
0.74
0.75
0.73
1.24
0.76
0.79
0.87
0.55
0.74
0.78
0.78
0.75
0.74
0.74
0.76
0.77
0.78
0.76
1.17
0.81
0.76
0.76
1.50
0.75
0.77
0.81
0.76
0.73
0.78
0.78
0.74
0.78
0.77
0.74
0.75
1.45
0.75
0.73
0.82
0.73
0.78
0.75
0.76
0.74
0.75
0.80
0.77
0.76
0.75
0.76
0.76
0.82
0.78
0.74
0.78
0.74
0.79
0.78
0.81
0.76
0.75
1.46
0.73
0.78
0.77
0.73
0.80
0.77
0.75
0.77
0.77
0.79
0.79
0.79
1.54
0.77
0.78
0.75
0.76
0.74
0.74
0.79
0.79
0.73
0.73
0.78
0.76
0.76
0.77
0.76
0.74
1.01
1.13
0.76
1.49
0.79
0.77
0.78
0.47
0.78
0.75
0.75
0.78
0.77
0.76
0.75
0.77
0.76
0.77
0.74
0.75
0.76
0.77
0.76
0.75
0.76
0.78
0.77
0.76
0.76
0.76
0.74
0.80
0.80
0.77
0.76
1.51
0.76
0.77
0.76
0.78
0.79
0.77
0.76
0.77
0.76
0.79
0.74
0.77
1.51
0.75
0.75
0.77
0.79
0.74
0.73
0.79
0.76
0.76
1.07
0.82
0.76
0.80
0.79
0.74
0.78
0.77
0.76
0.75
0.79
0.77
0.76
0.77
0.79
0.73
0.78
0.75
0.78
0.77
0.76
0.74
0.75
0.76
0.78
0.77
1.00
0.76
0.96
0.76
0.74
0.76
0.79
0.76
0.75
0.75
0.76
0.77
0.74
0.85
0.74
0.79
0.78
0.76
0.76
0.75
0.79
0.75
0.79
0.79
0.76
0.75
0.98
0.77
0.82
1.51
0.79
0.76
0.60
0.76
0.78
0.76
0.77
0.75
0.76
1.13
0.75
0.77
0.76
0.76
0.78
0.94
0.74
0.78
0.76
0.78
0.77
0.75
0.76
0.75
0.78
1.17
0.76
0.76
0.82
0.74
0.78
0.78
0.74
0.73
0.75
0.73
0.76
0.79
0.76
0.78
0.77
0.79
0.76
0.76
0.76
0.74
0.76
0.78
0.76
0.74
0.76
0.75
0.74
0.76
0.92
0.76
0.76
0.78
0.82
0.79
0.75
0.75
0.78
0.77
0.73
0.76
0.79
0.77
0.74
0.77
0.79
0.78
0.73
0.77
0.74
0.79
0.75
0.78
0.81
0.76
0.87
0.76
0.75
0.75
0.76
0.79
0.75
0.37
0.76
0.77
0.78
0.77
0.58
0.76
0.76
0.71
0.73
0.77
0.78
0.77
0.74
0.76
0.76
0.76
0.77
0.76
0.76
0.74
0.78
0.77
0.79
0.76
0.76
0.60
0.75
0.75
0.77
0.79
0.74
0.79
0.76
0.58
0.75
0.76
0.75
0.76
0.67
0.74
0.74
1.10
0.75
0.79
0.76
0.78
0.78
1.06
0.76
0.76
0.74
0.74
0.77
0.78
0.77
0.76
0.78
0.75
0.76
0.79
0.77
0.76
0.75
0.76
0.81
0.77
0.75
1.48
0.77
0.76
0.74
0.77
0.76
0.79
0.78
0.75
0.76
0.62
0.75
0.76
0.80
0.76
0.75
0.74
0.80
0.74
0.76
0.75
0.77
0.75
0.76
0.75
0.75
0.76
0.78
0.73
0.79
0.79
0.79
0.75
0.77
0.75
0.77
0.76
0.76
0.79
0.76
0.74
0.77
0.79
0.75
0.77
1.56
0.79
0.76
0.80
0.77
0.77
0.77
0.76
0.77
0.77
0.76
0.75
0.77
0.81
0.76
0.75
0.75
0.79
0.76
0.76
0.79
0.75
0.66
0.78
0.79
0.75
0.76
0.75
0.77
0.76
0.74
0.76
0.74
0.77
0.76
0.73
0.80
0.75
0.79
1.46
0.76
0.77
0.90
0.77
0.73
0.76
0.76
0.75
0.76
0.76
0.75
0.77
0.77
0.77
0.76
0.58
0.97
0.76
1.52
0.58
0.74
0.76
0.77
0.80
0.79
0.76
0.75
0.79
0.77
0.78
0.74
0.77
0.75
0.78
0.84
0.76
0.53
0.75
0.79
0.77
0.76
0.79
0.77
0.79
0.76
0.79
0.77
0.74
0.78
0.75
1.57
0.74
0.73
0.73
0.75
0.76
0.77
0.77
0.77
0.77
0.74
0.77
0.75
0.78
0.78
0.76
0.82
0.77
0.76
0.79
0.76
0.77
0.76
0.73
0.79
0.75
0.75
0.78
0.74
0.73
0.78
0.76
0.79
0.78
0.79
0.73
0.77
0.76
0.74
0.76
0.79
0.77
0.76
0.75
0.79
0.77
0.74
0.77
0.74
0.74
0.76
0.76
0.77
0.76
0.76
0.79
0.76
0.78
0.79
0.77
0.77
0.76
0.73
0.76
0.73
0.74
0.73
0.77
0.76
0.75
0.76
1.72
0.77
0.78
0.79
0.77
0.70
0.78
0.76
0.78
0.76
0.82
0.75
0.76
1.62
0.74
0.75
0.76
0.78
0.74
0.76
0.74
0.79
0.79
0.74
0.77
0.70
1.52
0.76
0.75
0.79
0.75
0.74
0.78
0.78
0.77
0.78
0.76
0.79
0.76
1.59
0.76
0.75
0.77
0.74
0.76
0.78
0.73
0.77
0.76
0.76
0.73
0.76
1.43
0.69
0.74
0.75
0.75
0.78
0.73
0.78
0.75
0.75
0.75
0.77
0.79
1.48
0.76
0.75
0.75
0.78
0.79
0.74
0.76
0.75
0.75
0.74
0.76
0.78
1.51
0.96
0.37
0.74
0.77
0.77
0.75
1.48
0.74
0.73
0.76
0.74
0.76
0.76
0.70
0.76
0.73
0.75
0.73
0.77
0.76
0.78
0.77
0.73
0.93
0.74
0.73
0.77
0.79
0.77
0.78
0.77
0.73
0.73
0.69
0.76
0.74
0.73
0.78
0.79
0.76
0.75
0.76
0.75
0.75
0.75
0.76
0.75
0.76
0.74
0.78
0.75
0.75
0.76
0.76
0.76
0.78
0.97
0.74
0.75
0.74
0.74
0.74
0.77
0.76
0.76
0.77
0.76
0.76
0.76
0.61
0.76
0.76
1.11
0.76
0.78
0.74
0.78
0.74
0.74
0.78
0.74
0.74
0.81
1.13
0.76
0.75
0.77
0.76
0.79
0.77
0.74
0.76
1.47
0.79
0.78
0.78
0.77
0.78
0.73
0.76
0.75
0.76
1.06
0.74
0.75
1.48
0.78
0.73
0.73
0.76
0.78
0.77
0.73
0.77
0.76
0.75
0.76
0.74
0.78
0.77
0.78
0.79
0.75
0.76
0.75
0.77
0.73
0.76
0.70
0.75
0.75
1.51
0.74
0.75
0.78
0.74
0.76
0.74
0.74
0.76
0.73
0.83
0.81
0.75
0.80
0.73
0.77
0.76
0.77
0.76
0.76
0.76
0.76
0.76
0.76
0.78
0.78
0.82
0.75
0.80
0.75
0.79
0.75
0.77
0.77
0.76
0.79
0.78
0.76
0.74
1.46
0.75
0.76
0.76
0.76
0.73
0.75
1.49
0.78
0.74
0.85
0.76
0.77
0.76
0.77
0.79
0.76
0.77
0.80
0.70
0.78
0.77
0.79
0.75
0.75
0.77
0.78
0.74
0.78
0.78
1.01
0.76
0.77
0.75
0.78
0.77
0.77
0.78
0.76
0.77
0.76
0.74
0.78
0.75
0.77
0.79
1.55
0.75
1.03
0.77
0.76
0.75
0.74
0.74
0.75
0.77
0.87
0.75
0.76
0.76
0.79
0.76
0.78
0.76
0.78
0.76
0.76
0.77
0.74
0.78
0.74
0.76
0.79
0.78
0.75
0.73
0.76
0.75
1.50
0.76
0.77
0.76
0.77
0.79
0.79
0.77
0.76
0.76
0.77
0.73
0.75
0.76
0.76
0.78
0.75
0.76
0.78
1.49
0.77
0.96
0.97
0.80
0.75
0.75
0.76
0.75
0.76
0.76
0.74
0.76
0.79
0.78
0.76
0.74
0.75
0.77
0.77
0.79
0.78
0.77
0.77
0.75
0.76
1.49
0.79
0.76
0.76
0.74
0.78
0.79
0.73
0.74
0.75
0.78
0.84
0.76
1.58
0.76
0.77
0.79
0.79
0.73
0.79
0.74
0.78
0.78
0.76
0.73
0.73
0.78
0.77
0.76
0.77
0.77
0.79
0.78
0.73
0.79
0.77
0.89
0.78
0.74
0.76
0.76
0.76
0.76
0.76
0.75
0.73
1.51
0.42
0.76
0.63
0.77
0.76
0.76
0.75
0.78
0.78
0.75
0.78
0.77
0.78
0.76
0.76
0.74
0.76
0.53
0.76
0.74
0.77
0.79
0.75
0.75
0.79
0.84
0.74
0.77
0.77
0.75
0.74
0.78
0.76
0.73
0.78
0.75
0.76
0.77
0.76
0.78
0.75
0.87
0.78
0.77
1.51
0.76
0.79
0.80
0.73
0.75
0.77
0.79
0.76
0.74
0.78
0.77
0.77
0.74
0.75
0.79
0.76
0.80
0.73
0.75
0.77
0.71
0.78
0.75
0.74
0.75
0.47
0.74
0.76
0.74
0.80
0.71
0.78
0.74
0.75
0.78
0.77
0.61
0.75
0.74
1.51
0.73
0.76
0.74
0.76
0.76
0.76
0.75
0.73
0.75
0.77
0.75
0.74
0.75
0.75
0.78
0.74
0.74
0.79
0.73
1.07
0.73
0.79
0.77
0.75
0.75
0.80
0.76
0.75
0.76
0.73
0.74
0.73
0.76
0.74
0.75
0.52
0.52
0.77
0.74
0.77
0.76
0.75
0.75
0.73
0.76
0.84
0.99
0.77
0.74
0.78
0.76
0.76
0.73
0.78
0.48
0.76
0.76
0.73
0.76
0.76
0.76
0.74
0.74
0.75
0.77
0.73
0.77
0.78
0.79
0.77
0.75
1.50
0.79
0.75
0.78
0.75
0.76
0.77
0.77
0.75
0.74
0.77
0.78
0.74
0.81
0.78
0.76
0.76
0.78
0.76
0.73
0.76
0.74
0.79
0.98
0.75
0.76
0.81
0.73
0.77
0.78
0.65
0.78
0.74
0.75
0.75
0.74
0.71
0.76
0.77
1.45
0.80
0.74
0.77
0.73
0.75
0.76
0.74
0.79
0.75
0.71
0.76
0.76
0.73
0.76
0.77
0.76
0.75
0.71
0.78
0.79
0.75
0.70
0.71
0.70
0.71
0.71
0.71
0.70
0.73
0.73
0.70
0.70
0.71
0.70
0.70
0.68
0.69
0.75
0.71
0.73
0.71
0.71
0.70
0.71
0.79
0.69
0.47
0.45
0.74
0.76
0.47
1.46
0.74
0.79
0.74
0.77
0.75
0.75
0.77
0.76
0.74
0.75
0.75
0.77
0.78
0.79
1.05
0.76
0.77
0.76
0.78
1.28
0.75
0.76
0.76
0.78
0.76
0.74
1.26
0.76
0.78
0.77
0.78
0.77
0.69
0.75
0.75
0.76
0.78
0.88
0.77
0.77
0.79
0.79
0.77
0.83
0.77
0.74
1.21
0.77
0.79
0.75
0.72
0.72
0.71
0.72
0.72
0.76
0.73
1.22
0.73
0.70
0.69
0.72
0.70
0.46
0.45
0.46
0.45
0.69
0.72
0.72
1.47
0.76
0.74
0.79
0.75
0.77
0.78
0.75
0.77
0.76
0.78
0.75
0.78
0.75
0.77
0.76
0.66
0.76
0.74
0.77
0.75
0.76
0.78
0.77
0.76
0.74
0.75
0.78
0.76
0.80
0.75
0.75
0.76
0.77
0.76
0.77
0.73
0.77
0.76
0.78
0.76
0.73
0.77
0.76
0.77
0.77
0.74
0.76
0.71
0.71
0.72
0.69
0.72
0.70
0.77
0.73
0.71
0.71
0.71
0.69
0.64
0.45
0.72
0.70
0.46
0.72
0.75
0.78
0.72
1.12
0.76
0.78
0.75
0.75
0.75
0.77
0.76
0.77
0.77
0.70
0.74
0.76
0.78
0.76
0.74
0.79
0.75
0.74
0.75
0.76
0.76
0.79
0.80
0.77
0.74
1.49
0.75
0.77
0.75
0.77
0.77
0.75
0.78
0.74
0.76
0.84
0.76
0.78
0.77
0.76
0.79
0.76
1.03
0.75
0.78
1.18
0.72
0.71
0.79
0.71
0.70
0.71
0.72
0.71
0.73
0.70
0.72
0.72
0.70
0.70
0.71
0.69
0.71
0.69
0.70
0.73
0.72
0.89
0.71
0.89
0.73
0.70
0.71
0.50
0.44
0.46
0.78
0.44
0.46
0.75
0.73
0.75
0.76
0.79
0.79
0.75
0.76
0.56
0.76
0.77
0.76
0.73
0.76
0.75
0.54
0.78
0.78
0.80
0.76
0.74
0.78
0.75
0.74
0.79
0.78
0.74
0.78
0.71
1.00
0.73
0.78
0.77
0.76
0.74
0.77
0.77
0.77
0.75
0.74
0.76
0.71
0.73
0.77
0.78
0.76
0.73
0.77
1.10
0.79
0.79
1.19
0.76
0.75
0.75
0.73
0.70
0.72
0.72
0.72
0.69
0.72
0.71
0.70
0.69
0.71
0.70
0.73
0.47
0.45
0.75
0.44
0.46
0.74
0.76
0.76
0.76
0.78
0.79
0.77
0.81
0.75
0.77
0.79
0.74
0.74
0.79
0.76
0.76
1.03
0.78
0.86
0.74
0.75
1.56
0.74
0.76
0.77
0.76
0.77
0.79
1.51
0.76
0.76
0.94
0.74
0.77
0.76
0.73
0.75
0.78
0.46
0.76
0.77
0.78
0.79
0.74
0.77
0.77
0.77
0.45
0.82
0.77
0.73
0.78
0.75
0.72
0.72
0.70
0.71
0.76
0.73
0.71
0.71
0.71
0.83
0.71
0.68
0.70
0.45
0.47
0.46
0.39
0.45
0.46
0.72
0.74
0.66
0.78
0.77
0.74
1.45
0.75
0.75
0.76
0.80
0.78
0.74
0.76
0.73
0.79
0.79
0.77
0.80
0.79
0.75
0.77
0.78
0.73
0.78
0.76
0.76
0.77
0.76
0.76
0.81
0.79
1.53
0.77
0.81
0.76
0.76
0.75
0.75
1.16
0.76
0.76
0.58
0.78
0.77
0.76
0.78
0.76
0.76
0.66
0.78
0.72
0.71
0.78
0.78
0.82
0.84
0.80
0.83
0.75
0.81
0.83
0.45
0.85
1.62
0.80
0.81
0.82
0.79
1.00
1.62
0.83
0.79
0.94
0.83
0.82
0.82
0.79
0.83
0.64
0.81
0.76
0.80
0.79
0.75
0.82
0.82
0.77
0.84
0.78
0.75
0.57
0.88
0.81
0.80
0.82
0.89
0.80
0.64
1.61
0.82
0.81
0.79
0.82
0.85
0.85
0.80
0.80
0.80
0.75
0.83
0.84
0.85
0.76
0.79
0.81
0.80
0.77
0.79
0.82
0.80
0.81
0.81
0.80
