0.73
0.72
0.75
0.72
0.72
0.74
0.72
0.72
0.73
1.31
0.69
0.74
0.73
0.73
0.72
0.73
0.73
0.43
0.43
0.74
0.74
0.74
0.73
0.72
0.73
0.41
0.74
0.73
0.73
0.74
0.85
0.73
0.73
0.73
0.71
0.74
0.75
0.72
0.74
0.74
0.73
1.24
0.74
0.76
0.71
0.73
0.73
0.73
0.72
0.73
0.74
0.74
0.74
0.73
0.67
0.71
1.03
0.75
0.41
0.73
0.71
0.72
0.73
0.73
0.53
0.72
0.74
0.73
0.75
0.74
0.73
0.74
0.72
0.73
1.44
0.76
0.73
0.71
0.75
0.74
0.73
0.73
0.72
0.73
0.73
0.40
0.75
0.73
0.72
0.73
0.73
0.98
0.73
0.73
0.73
0.75
0.82
0.74
0.72
0.69
0.72
0.72
0.73
0.73
0.71
0.74
1.44
0.73
0.72
0.74
0.72
0.73
0.72
0.74
0.72
0.50
0.71
0.73
0.75
0.74
0.72
