0.76
0.76
0.75
0.77
0.70
0.69
0.68
0.71
0.71
0.76
0.77
0.76
0.74
0.72
0.70
0.71
0.70
0.71
0.40
0.71
0.72
0.69
0.70
0.71
0.69
0.70
0.69
0.70
0.70
0.71
0.72
0.70
0.72
0.68
0.71
0.70
0.69
0.71
0.70
0.69
0.69
0.70
0.72
0.69
0.76
0.71
0.68
0.71
0.69
0.69
0.71
0.72
0.70
0.70
0.69
0.70
0.68
0.70
0.71
0.70
0.71
0.71
0.90
0.69
0.68
0.68
1.48
0.69
0.71
0.70
0.71
0.73
0.69
0.71
0.72
0.93
0.68
0.72
0.72
0.73
0.69
0.71
0.71
0.70
0.70
0.71
0.72
0.78
0.77
0.70
0.71
0.71
0.73
0.74
0.71
0.70
0.71
0.70
0.70
0.69
0.94
0.70
0.70
0.69
0.67
0.77
0.71
0.70
1.44
0.71
0.74
0.72
0.87
0.78
0.77
0.74
0.76
0.79
0.68
0.89
0.75
0.79
0.77
0.74
0.75
0.76
0.75
0.73
0.78
0.77
0.77
0.74
0.76
0.76
0.78
0.76
0.76
0.92
0.78
0.73
0.78
0.77
0.78
0.76
0.76
0.77
0.79
0.77
1.51
0.78
0.76
0.77
0.78
0.73
0.76
0.74
0.76
0.77
0.77
0.77
0.78
0.75
0.76
0.76
0.75
0.79
0.74
0.78
1.49
0.74
0.79
0.78
0.74
0.77
0.76
0.75
0.75
0.76
0.77
0.75
0.77
1.52
0.78
0.78
0.80
0.78
0.76
0.73
0.75
0.77
0.76
0.57
0.80
0.76
0.75
0.76
0.74
0.78
0.78
0.76
0.77
1.47
0.77
0.76
0.75
0.77
0.74
0.74
0.74
0.74
0.76
0.66
0.76
0.76
0.78
0.72
0.77
0.69
0.78
0.76
0.78
0.74
0.79
0.78
0.94
0.78
0.76
0.76
0.75
0.75
0.78
0.83
0.79
0.75
1.49
0.76
0.78
0.73
0.75
0.78
0.77
0.75
0.73
0.79
0.78
0.78
0.77
1.46
0.76
0.74
0.79
0.76
0.77
0.79
0.78
0.74
0.78
0.71
0.79
0.76
0.78
0.74
0.74
0.78
0.78
0.74
0.79
1.25
0.77
0.75
0.88
0.77
0.77
1.28
0.79
0.76
0.75
0.77
0.74
0.78
0.79
0.78
0.79
0.83
0.77
0.74
0.76
0.75
0.75
0.73
0.75
0.76
0.77
0.76
0.76
0.79
0.93
0.75
0.78
1.48
0.76
0.78
0.80
0.75
0.75
0.77
0.77
0.76
0.74
0.71
0.75
0.75
1.47
0.78
0.75
0.75
0.75
0.77
0.75
0.74
0.73
0.76
0.78
0.76
0.78
0.70
0.77
0.76
0.77
0.76
0.78
0.73
0.78
0.78
0.76
0.70
0.79
0.75
0.78
0.76
0.74
0.75
0.80
0.75
0.75
0.74
0.76
0.76
0.79
0.76
0.76
0.75
0.74
0.76
0.78
0.58
0.77
0.79
1.55
0.79
0.75
0.77
0.78
0.74
0.77
0.88
0.78
0.76
0.76
0.74
0.78
1.53
0.78
0.78
0.77
0.78
0.77
0.77
0.74
0.76
0.77
0.76
0.78
0.74
1.47
0.76
0.75
0.89
0.75
0.79
0.77
0.75
0.74
0.76
0.75
0.77
0.76
1.48
0.77
0.76
0.79
0.76
0.76
0.76
0.76
0.78
0.79
0.79
0.74
0.76
0.76
0.78
0.77
0.73
0.78
0.73
0.75
0.75
0.77
0.78
0.89
0.75
0.78
1.91
0.77
0.76
0.78
0.76
0.78
0.73
0.75
0.77
0.69
0.73
0.79
0.78
0.84
0.72
0.76
0.76
0.73
0.73
0.75
0.74
0.76
0.77
0.81
0.76
0.73
0.78
0.76
0.76
0.73
0.73
0.77
0.74
0.75
0.77
0.81
0.77
0.74
0.76
1.49
0.77
0.76
0.76
0.78
0.76
0.76
0.75
0.78
0.75
0.79
0.74
0.76
1.53
0.75
0.76
0.62
0.75
0.76
0.79
0.77
0.76
0.77
1.05
0.78
0.76
0.79
0.76
0.77
0.75
0.78
0.75
0.75
0.77
0.75
0.76
0.90
0.76
0.77
0.76
0.76
0.76
0.81
0.75
0.45
1.46
0.75
0.76
0.77
0.78
0.75
0.78
0.75
0.74
0.77
0.74
0.77
0.78
0.75
0.79
0.76
0.98
0.74
0.78
0.78
0.74
0.77
0.77
0.74
0.76
0.75
0.76
0.78
0.78
0.94
0.78
0.73
1.55
0.76
0.75
0.64
0.73
0.75
0.76
0.73
0.77
0.76
1.05
0.76
1.25
0.78
0.73
0.78
0.78
0.77
0.76
0.78
0.76
0.76
0.77
0.74
0.77
0.76
1.54
0.75
0.76
0.76
0.78
0.76
0.76
0.76
0.74
0.76
0.79
0.75
0.78
0.75
0.78
0.78
0.75
0.77
0.76
0.76
0.73
0.76
0.74
0.82
0.73
0.75
0.79
0.78
0.73
0.75
0.77
0.77
0.74
0.74
0.73
0.77
1.01
0.75
0.74
0.77
0.76
0.77
0.78
0.76
0.76
0.78
0.77
0.76
0.73
0.95
0.73
0.74
0.45
0.77
0.75
0.76
0.76
0.77
0.78
0.76
0.77
0.76
0.56
0.68
0.76
1.14
0.73
0.77
0.77
0.74
0.74
0.77
0.74
0.76
0.73
0.74
0.75
0.75
0.97
0.77
0.77
0.75
0.75
0.76
0.81
0.76
0.79
0.77
0.77
0.74
0.76
1.15
0.76
0.73
0.76
0.75
0.76
0.77
0.76
0.76
0.74
0.73
0.78
0.75
1.48
0.76
0.74
0.75
0.78
0.68
0.81
0.77
0.76
0.78
0.76
0.74
0.76
0.78
0.76
0.76
1.05
0.74
0.78
1.69
0.74
0.75
0.78
0.73
0.75
0.79
0.74
0.75
0.76
0.78
0.76
0.76
1.49
0.75
0.75
0.76
0.77
0.76
0.76
0.73
0.76
0.76
0.71
0.73
0.73
0.77
0.75
0.76
0.75
0.75
0.77
0.76
0.76
0.77
0.76
0.75
0.75
0.79
0.78
0.79
0.74
0.84
0.78
0.79
0.78
0.75
0.76
0.74
1.07
0.79
0.77
0.79
0.78
0.79
0.78
0.76
0.76
0.74
0.74
0.77
0.76
0.85
0.76
0.78
0.71
0.77
0.70
0.75
0.45
0.76
0.73
0.76
0.74
0.76
0.75
0.73
0.75
0.79
0.79
0.76
0.75
0.86
0.77
0.75
1.50
0.78
0.76
0.91
0.73
0.73
0.72
0.76
0.72
0.76
0.76
0.68
0.75
0.76
0.78
0.53
0.86
0.75
0.96
0.79
0.78
0.76
0.77
0.76
0.78
0.78
0.74
0.77
0.76
0.84
0.78
0.78
0.78
0.76
0.73
0.76
0.78
0.74
0.79
0.76
0.78
0.75
0.76
0.74
0.77
1.50
0.74
0.75
0.77
0.57
0.75
0.78
0.77
0.77
0.77
0.76
0.77
0.79
0.76
0.76
0.76
0.77
0.78
0.79
0.76
0.78
0.77
0.79
0.77
0.77
0.74
1.58
0.73
0.74
0.73
0.79
0.77
0.79
0.77
0.77
0.78
0.90
0.79
0.78
0.78
0.74
0.75
0.77
0.77
0.79
0.73
0.75
0.74
0.55
0.63
0.76
0.75
1.82
0.79
0.77
0.79
0.75
0.75
0.65
0.78
0.76
0.76
0.77
0.76
0.76
1.46
0.76
0.74
0.83
0.77
0.74
0.76
0.76
0.73
0.76
0.75
0.77
0.78
1.77
0.79
0.77
0.81
0.74
0.74
0.77
0.73
0.73
0.78
0.77
0.75
0.77
0.75
0.79
0.78
0.76
0.79
0.75
1.60
0.74
0.76
0.73
0.75
0.79
0.77
0.78
0.77
0.77
1.14
0.78
0.77
1.64
0.76
0.77
0.76
0.76
0.75
0.77
0.74
0.79
0.73
0.77
0.76
0.80
1.25
0.76
0.77
0.76
0.75
0.78
0.76
1.49
0.76
0.74
0.74
0.76
0.75
0.76
0.78
0.73
0.77
0.76
0.77
0.79
0.78
0.75
0.76
0.61
0.79
0.75
0.76
0.78
0.75
0.81
0.76
0.79
0.71
0.70
0.73
0.81
1.07
0.78
0.77
0.73
1.49
0.75
0.91
0.57
0.75
0.80
0.78
0.78
0.76
0.78
0.77
0.73
0.74
0.78
0.74
0.78
0.77
0.76
0.77
0.76
0.79
0.73
0.75
0.76
0.76
0.76
0.76
0.76
0.76
0.75
0.75
0.76
0.78
0.77
0.76
0.78
0.77
0.78
0.77
0.77
0.75
0.78
0.78
0.79
0.79
1.62
0.79
0.77
0.82
0.79
0.76
0.79
0.77
0.77
0.78
1.14
0.76
0.74
0.79
0.63
0.81
0.77
0.79
0.77
0.74
0.76
0.76
0.76
0.75
0.75
0.76
1.49
0.73
0.75
0.76
0.79
0.75
0.74
0.77
0.78
0.76
0.75
0.78
0.76
0.77
0.78
0.79
0.84
0.76
0.79
0.80
0.76
0.76
0.78
0.73
0.74
0.75
0.78
0.75
0.78
0.93
0.76
0.78
1.51
0.74
0.46
0.76
0.76
0.76
0.79
0.75
0.76
0.75
0.99
0.76
0.73
0.71
0.75
0.74
0.74
0.73
1.28
0.74
0.75
0.76
0.74
0.99
0.73
0.75
1.48
0.75
0.70
0.73
0.78
0.78
0.73
0.75
0.75
0.76
0.77
0.75
0.75
0.78
0.74
0.78
0.92
0.76
0.76
1.54
0.75
0.76
0.77
0.76
0.76
0.74
0.77
0.78
0.81
0.77
0.77
0.76
0.79
0.75
0.78
0.78
0.75
0.76
0.79
0.76
0.84
0.76
0.74
0.75
0.79
0.78
0.76
0.77
0.66
0.75
0.77
0.77
0.78
0.76
0.76
0.77
0.77
0.76
0.77
0.74
0.75
0.81
0.74
0.44
1.07
0.73
0.73
0.84
0.75
0.78
0.74
0.75
0.75
0.78
0.78
0.76
0.76
0.76
0.74
0.77
0.73
0.78
0.73
1.48
0.76
0.75
0.75
1.09
0.75
0.75
0.77
1.09
0.74
0.76
0.75
0.80
1.51
0.78
0.73
0.77
0.76
0.76
0.76
0.75
0.73
0.77
0.95
0.79
0.74
0.47
0.74
0.75
0.75
0.75
0.77
0.75
0.75
0.74
0.74
1.06
0.74
0.79
1.50
0.75
0.76
0.74
0.84
0.74
0.79
0.74
0.77
0.73
0.90
0.75
0.74
0.76
0.75
0.76
0.79
0.74
0.76
0.78
0.74
0.79
0.75
1.07
0.75
0.77
1.44
0.74
0.75
0.71
0.76
0.72
0.77
0.77
0.75
0.77
0.49
0.73
0.79
1.56
0.77
0.74
0.76
0.76
0.78
0.79
0.74
0.79
0.79
0.74
0.73
0.75
0.76
0.75
0.77
0.69
0.79
0.77
0.78
0.76
0.71
0.76
0.80
0.78
0.75
0.80
0.75
0.72
0.79
0.74
0.75
0.76
0.76
0.78
0.77
0.79
0.74
0.76
1.53
0.73
0.75
0.78
0.75
0.73
0.76
0.75
0.58
0.36
0.78
0.77
0.76
0.75
0.75
0.74
0.77
0.79
0.75
0.74
1.49
0.72
0.78
0.78
0.76
0.76
0.76
0.78
0.74
0.76
0.72
0.79
0.76
0.77
0.78
0.74
0.75
0.78
0.77
0.70
0.79
0.77
0.41
0.73
0.59
0.74
0.73
0.76
0.75
0.78
0.77
0.78
0.75
0.76
1.47
0.74
0.77
0.75
0.74
0.77
0.77
0.76
0.75
0.78
0.78
0.73
0.75
1.49
0.75
0.75
0.93
0.78
0.75
1.44
0.75
0.76
0.73
0.73
0.74
0.76
0.75
0.76
0.74
0.76
0.73
0.77
0.79
0.77
0.75
0.75
0.77
0.74
0.78
0.91
0.76
0.76
0.76
0.75
0.76
0.75
0.74
0.75
0.78
0.66
0.73
0.76
0.79
0.76
0.74
0.75
0.74
0.74
0.75
0.73
0.73
0.73
0.81
0.78
0.75
1.53
0.77
0.76
0.75
0.77
0.76
0.74
0.75
0.79
0.79
0.95
0.74
0.76
0.76
0.77
0.75
0.76
0.73
0.76
0.78
0.74
0.75
0.74
1.09
0.78
0.77
0.77
0.78
0.73
0.78
0.75
0.75
0.73
0.87
0.74
0.78
0.72
0.78
0.74
0.90
0.79
0.78
0.66
0.75
0.77
0.76
0.76
0.77
0.77
0.74
0.74
0.78
1.50
0.74
0.76
0.73
0.78
0.78
0.75
0.76
0.79
0.73
0.75
0.75
0.76
0.77
0.79
0.75
0.75
0.80
0.77
0.75
0.78
0.78
0.76
0.91
0.77
0.75
0.72
0.79
0.77
0.77
1.63
0.76
0.78
1.66
0.78
0.77
0.77
0.74
0.79
0.76
0.79
0.73
0.75
0.99
0.76
0.79
1.51
0.76
0.60
0.76
0.76
0.78
0.73
0.76
0.74
0.79
0.77
0.78
0.75
0.76
0.76
0.78
1.07
0.77
0.78
0.78
0.76
0.78
0.97
0.78
0.77
0.74
0.78
0.77
0.76
0.81
0.79
0.74
1.55
0.78
0.74
0.76
0.79
0.76
0.79
0.77
0.76
0.78
0.86
0.74
0.80
0.76
0.76
0.74
0.71
0.79
0.77
1.54
0.72
0.76
0.76
0.78
0.78
0.77
0.74
0.77
0.76
0.86
0.74
0.76
0.78
0.78
0.74
0.77
0.76
0.76
0.74
1.30
0.79
0.79
0.83
0.78
0.79
0.77
0.79
0.76
0.94
0.76
0.76
0.76
0.76
0.77
0.79
0.72
0.78
0.73
0.78
0.76
0.76
0.72
0.79
0.74
0.77
0.77
0.74
0.76
0.77
0.79
0.78
1.50
0.75
0.78
0.78
0.77
0.75
0.75
0.78
0.77
0.77
0.62
0.76
0.75
0.79
0.77
0.78
0.75
0.79
0.76
0.78
0.76
0.74
0.76
0.76
0.75
0.78
0.76
0.78
0.76
0.76
0.77
0.76
0.76
0.77
0.78
0.74
0.83
0.74
0.75
0.73
0.75
0.76
0.75
0.76
0.76
0.77
0.78
0.78
0.77
0.73
0.76
0.76
0.76
0.78
0.79
0.76
0.80
0.79
0.80
1.02
0.77
0.76
0.61
0.72
0.74
1.49
0.76
0.78
0.85
0.77
0.76
0.78
0.77
0.89
0.75
0.66
0.71
0.76
0.78
0.78
0.77
0.78
1.06
0.73
0.74
1.54
0.76
0.78
0.77
0.78
0.75
0.78
0.73
0.75
0.77
0.73
0.74
0.76
0.78
0.77
0.71
0.75
0.72
0.77
0.73
1.53
0.78
0.75
0.74
0.74
0.78
0.78
0.76
0.76
0.76
0.88
1.14
0.73
1.50
0.47
0.76
0.77
0.75
0.76
0.78
0.75
0.76
0.75
0.77
0.73
0.75
0.82
0.78
0.75
0.73
0.78
0.76
0.74
0.76
0.73
0.76
0.73
0.78
0.75
1.48
0.76
0.75
0.78
0.77
0.75
0.73
0.71
0.76
0.78
0.82
0.75
0.79
0.76
0.78
0.78
0.75
0.80
0.78
0.77
1.54
0.73
0.73
0.99
0.74
0.76
0.78
0.75
0.75
0.79
0.84
0.76
0.78
1.27
0.78
0.78
0.83
0.74
0.76
0.75
0.80
0.74
0.76
0.77
0.78
0.75
1.46
0.76
0.76
0.76
0.79
0.76
0.77
0.73
0.74
0.75
0.82
0.44
0.75
1.46
0.75
0.77
0.79
0.74
0.75
0.74
0.76
0.76
0.78
0.97
0.77
0.76
0.76
0.73
0.76
0.79
0.76
0.76
0.79
0.77
0.78
0.74
0.90
0.77
0.78
1.42
0.77
0.78
0.77
0.78
0.70
0.70
0.75
0.76
0.76
0.86
0.76
0.75
0.79
0.80
0.78
0.68
0.71
0.72
0.71
0.71
0.71
0.72
0.69
0.73
0.74
0.71
0.70
0.72
1.37
0.69
0.70
0.72
0.67
0.69
0.72
0.73
1.42
0.70
0.70
0.69
0.59
0.45
0.47
0.45
0.45
0.76
0.75
0.77
0.77
0.77
0.77
0.79
0.78
0.76
0.75
0.78
0.74
0.76
1.51
0.75
0.78
0.76
0.74
0.77
0.74
0.76
0.79
0.76
0.67
0.78
0.76
0.74
0.76
0.77
0.77
0.83
0.81
0.75
0.79
0.76
0.78
0.74
0.76
0.76
0.76
1.54
0.79
0.78
0.76
0.80
0.76
0.77
0.74
0.73
0.80
0.82
0.71
0.71
0.71
1.39
0.70
0.72
0.78
0.73
0.69
0.70
0.71
1.53
0.45
0.46
0.76
0.51
0.48
0.78
0.71
0.76
0.75
0.73
0.76
0.94
0.76
0.77
1.47
0.73
0.76
0.90
0.75
0.78
0.76
0.79
0.76
0.73
0.85
0.78
0.76
0.74
0.77
0.43
0.64
0.79
0.75
0.77
0.76
0.74
0.75
0.75
0.78
0.70
1.07
0.78
0.79
0.77
0.77
0.75
0.75
0.76
0.76
0.77
0.78
0.76
0.75
1.15
0.76
0.70
0.70
0.76
0.68
0.71
0.69
1.40
0.69
0.69
0.70
0.80
0.71
0.71
0.47
1.41
0.79
0.65
0.47
0.95
0.79
0.74
0.86
0.73
0.52
0.75
0.93
0.74
0.73
1.55
0.76
0.78
0.77
0.74
0.75
0.79
0.77
0.75
0.76
0.76
0.77
0.79
0.78
0.74
0.78
0.78
0.75
0.79
0.77
0.77
0.77
0.77
0.78
0.74
0.74
0.77
0.78
0.77
0.79
0.47
0.74
0.78
1.47
0.79
0.76
0.78
0.77
0.76
0.75
0.75
0.70
0.73
0.77
0.71
0.73
0.72
0.69
0.77
0.70
0.69
0.72
0.73
0.72
0.72
0.69
0.71
0.69
0.40
0.70
0.71
0.71
0.70
0.70
0.71
0.69
0.68
0.73
0.46
0.46
0.71
0.90
0.46
0.71
0.71
0.87
0.75
0.74
0.75
0.75
0.79
0.75
0.98
0.76
0.76
1.79
0.76
0.79
0.77
0.76
0.76
0.76
0.77
0.76
0.79
0.52
0.75
0.72
1.44
0.76
0.78
0.77
0.74
0.78
0.75
1.27
0.74
0.78
0.56
0.74
0.78
1.18
0.73
0.76
0.74
0.77
0.76
0.77
1.53
0.75
0.76
0.75
0.79
0.79
0.77
0.74
0.79
0.76
0.77
0.71
0.71
0.71
0.72
0.70
0.72
0.73
0.79
0.44
0.72
0.71
0.72
0.47
0.47
0.46
0.45
0.44
0.47
0.71
1.45
0.77
0.78
0.74
0.76
0.76
0.79
0.75
0.76
0.79
0.84
0.75
0.75
1.88
0.76
0.76
0.77
0.76
0.76
0.76
0.77
0.76
0.78
1.01
0.77
0.78
0.78
0.76
0.75
0.75
0.78
0.76
0.77
1.20
0.76
0.72
0.86
0.80
0.78
0.76
0.76
0.73
0.75
0.74
0.73
0.74
0.77
0.79
0.79
0.76
0.78
0.76
0.70
0.71
0.69
0.77
0.70
0.70
0.70
0.71
0.70
1.02
0.68
0.70
0.73
0.48
0.45
0.76
0.45
0.89
0.72
0.72
0.73
0.68
0.74
0.80
0.78
0.76
0.74
0.74
0.77
0.74
0.81
0.77
0.76
0.75
0.76
0.76
0.77
0.79
0.79
0.77
0.78
0.73
0.77
0.76
1.53
0.74
0.75
0.74
0.75
0.76
0.76
0.74
0.73
0.74
0.81
0.74
0.76
0.79
0.76
0.79
0.74
0.76
1.43
0.79
0.75
0.75
0.78
0.79
0.76
0.78
0.69
0.74
0.84
0.83
1.05
0.60
0.87
0.83
0.80
0.80
0.85
0.85
0.90
0.83
0.80
0.82
0.82
0.82
0.81
0.80
0.80
0.82
0.81
0.86
0.83
0.81
0.82
0.89
0.84
0.80
0.83
0.79
0.82
0.88
0.81
0.81
1.62
0.79
0.80
0.88
0.82
0.84
1.04
0.85
0.82
0.65
0.61
0.79
0.83
0.80
0.82
0.81
0.81
0.81
0.84
0.79
0.79
0.84
0.78
1.54
0.85
0.80
0.79
0.78
0.77
1.19
0.75
0.81
0.81
0.79
0.81
0.80
